  # Bin [m], Precipitate density distribution [/m^4]
                            0.350000E-07                            0.000000E+00
                            0.400000E-07                            0.900281E-40
                            0.450000E-07                            0.163767E-35
                            0.500000E-07                            0.789152E-32
                            0.550000E-07                            0.133337E-28
                            0.600000E-07                            0.967323E-26
                            0.650000E-07                            0.350347E-23
                            0.700000E-07                            0.710686E-21
                            0.750000E-07                            0.883108E-19
                            0.800000E-07                            0.721689E-17
                            0.850000E-07                            0.410697E-15
                            0.900000E-07                            0.170527E-13
                            0.950000E-07                            0.536910E-12
                            0.100000E-06                            0.132376E-10
                            0.105000E-06                            0.262594E-09
                            0.110000E-06                            0.428864E-08
                            0.115000E-06                            0.588127E-07
                            0.120000E-06                            0.688834E-06
                            0.125000E-06                            0.699278E-05
                            0.130000E-06                            0.623247E-04
                            0.135000E-06                            0.493224E-03
                            0.140000E-06                            0.350043E-02
                            0.145000E-06                            0.224759E-01
                            0.150000E-06                            0.131594E+00
                            0.155000E-06                            0.707475E+00
                            0.160000E-06                            0.351455E+01
                            0.165000E-06                            0.162241E+02
                            0.170000E-06                            0.699513E+02
                            0.175000E-06                            0.282991E+03
                            0.180000E-06                            0.107872E+04
                            0.185000E-06                            0.388915E+04
                            0.190000E-06                            0.133082E+05
                            0.195000E-06                            0.433593E+05
                            0.200000E-06                            0.134899E+06
                            0.205000E-06                            0.401844E+06
                            0.210000E-06                            0.114895E+07
                            0.215000E-06                            0.316026E+07
                            0.220000E-06                            0.837986E+07
                            0.225000E-06                            0.214628E+08
                            0.230000E-06                            0.531931E+08
                            0.235000E-06                            0.127782E+09
                            0.240000E-06                            0.297993E+09
                            0.245000E-06                            0.675608E+09
                            0.250000E-06                            0.149116E+10
                            0.255000E-06                            0.320808E+10
                            0.260000E-06                            0.673549E+10
                            0.265000E-06                            0.138159E+11
                            0.270000E-06                            0.277159E+11
                            0.275000E-06                            0.544303E+11
                            0.280000E-06                            0.104740E+12
                            0.285000E-06                            0.197661E+12
                            0.290000E-06                            0.366118E+12
                            0.295000E-06                            0.666105E+12
                            0.300000E-06                            0.119125E+13
                            0.305000E-06                            0.209555E+13
                            0.310000E-06                            0.362837E+13
                            0.315000E-06                            0.618738E+13
                            0.320000E-06                            0.103977E+14
                            0.325000E-06                            0.172283E+14
                            0.330000E-06                            0.281611E+14
                            0.335000E-06                            0.454331E+14
                            0.340000E-06                            0.723798E+14
                            0.345000E-06                            0.113914E+15
                            0.350000E-06                            0.177191E+15
                            0.355000E-06                            0.272510E+15
                            0.360000E-06                            0.414543E+15
                            0.365000E-06                            0.623971E+15
                            0.370000E-06                            0.929648E+15
                            0.375000E-06                            0.137145E+16
                            0.380000E-06                            0.200394E+16
                            0.385000E-06                            0.290115E+16
                            0.390000E-06                            0.416258E+16
                            0.395000E-06                            0.592086E+16
                            0.400000E-06                            0.835128E+16
                            0.405000E-06                            0.116837E+17
                            0.410000E-06                            0.162171E+17
                            0.415000E-06                            0.223374E+17
                            0.420000E-06                            0.305395E+17
                            0.425000E-06                            0.414529E+17
                            0.430000E-06                            0.558728E+17
                            0.435000E-06                            0.747977E+17
                            0.440000E-06                            0.994721E+17
                            0.445000E-06                            0.131438E+18
                            0.450000E-06                            0.172594E+18
                            0.455000E-06                            0.225263E+18
                            0.460000E-06                            0.292272E+18
                            0.465000E-06                            0.377038E+18
                            0.470000E-06                            0.483672E+18
                            0.475000E-06                            0.617092E+18
                            0.480000E-06                            0.783149E+18
                            0.485000E-06                            0.988768E+18
                            0.490000E-06                            0.124210E+19
                            0.495000E-06                            0.155271E+19
                            0.500000E-06                            0.193173E+19
                            0.505000E-06                            0.239210E+19
                            0.510000E-06                            0.294875E+19
                            0.515000E-06                            0.361885E+19
                            0.520000E-06                            0.442208E+19
                            0.525000E-06                            0.538084E+19
                            0.530000E-06                            0.652057E+19
                            0.535000E-06                            0.787002E+19
                            0.540000E-06                            0.946155E+19
                            0.545000E-06                            0.113314E+20
                            0.550000E-06                            0.135202E+20
                            0.555000E-06                            0.160729E+20
                            0.560000E-06                            0.190394E+20
                            0.565000E-06                            0.224748E+20
                            0.570000E-06                            0.264398E+20
                            0.575000E-06                            0.310008E+20
                            0.580000E-06                            0.362302E+20
                            0.585000E-06                            0.422071E+20
                            0.590000E-06                            0.490168E+20
                            0.595000E-06                            0.567518E+20
                            0.600000E-06                            0.655117E+20
                            0.605000E-06                            0.754032E+20
                            0.610000E-06                            0.865405E+20
                            0.615000E-06                            0.990453E+20
                            0.620000E-06                            0.113047E+21
                            0.625000E-06                            0.128683E+21
                            0.630000E-06                            0.146097E+21
                            0.635000E-06                            0.165441E+21
                            0.640000E-06                            0.186876E+21
                            0.645000E-06                            0.210567E+21
                            0.650000E-06                            0.236689E+21
                            0.655000E-06                            0.265421E+21
                            0.660000E-06                            0.296951E+21
                            0.665000E-06                            0.331471E+21
                            0.670000E-06                            0.369179E+21
                            0.675000E-06                            0.410278E+21
                            0.680000E-06                            0.454975E+21
                            0.685000E-06                            0.503480E+21
                            0.690000E-06                            0.556008E+21
                            0.695000E-06                            0.612775E+21
                            0.700000E-06                            0.673997E+21
                            0.705000E-06                            0.739893E+21
                            0.710000E-06                            0.810679E+21
                            0.715000E-06                            0.886572E+21
                            0.720000E-06                            0.967786E+21
                            0.725000E-06                            0.105453E+22
                            0.730000E-06                            0.114701E+22
                            0.735000E-06                            0.124543E+22
                            0.740000E-06                            0.134999E+22
                            0.745000E-06                            0.146086E+22
                            0.750000E-06                            0.157824E+22
                            0.755000E-06                            0.170228E+22
                            0.760000E-06                            0.183315E+22
                            0.765000E-06                            0.197100E+22
                            0.770000E-06                            0.211596E+22
                            0.775000E-06                            0.226815E+22
                            0.780000E-06                            0.242768E+22
                            0.785000E-06                            0.259465E+22
                            0.790000E-06                            0.276912E+22
                            0.795000E-06                            0.295117E+22
                            0.800000E-06                            0.314084E+22
                            0.805000E-06                            0.333815E+22
                            0.810000E-06                            0.354310E+22
                            0.815000E-06                            0.375569E+22
                            0.820000E-06                            0.397589E+22
                            0.825000E-06                            0.420364E+22
                            0.830000E-06                            0.443888E+22
                            0.835000E-06                            0.468151E+22
                            0.840000E-06                            0.493143E+22
                            0.845000E-06                            0.518850E+22
                            0.850000E-06                            0.545257E+22
                            0.855000E-06                            0.572348E+22
                            0.860000E-06                            0.600103E+22
                            0.865000E-06                            0.628502E+22
                            0.870000E-06                            0.657521E+22
                            0.875000E-06                            0.687136E+22
                            0.880000E-06                            0.717321E+22
                            0.885000E-06                            0.748047E+22
                            0.890000E-06                            0.779284E+22
                            0.895000E-06                            0.811002E+22
                            0.900000E-06                            0.843166E+22
                            0.905000E-06                            0.875743E+22
                            0.910000E-06                            0.908698E+22
                            0.915000E-06                            0.941992E+22
                            0.920000E-06                            0.975587E+22
                            0.925000E-06                            0.100945E+23
                            0.930000E-06                            0.104353E+23
                            0.935000E-06                            0.107779E+23
                            0.940000E-06                            0.111219E+23
                            0.945000E-06                            0.114669E+23
                            0.950000E-06                            0.118125E+23
                            0.955000E-06                            0.121581E+23
                            0.960000E-06                            0.125035E+23
                            0.965000E-06                            0.128481E+23
                            0.970000E-06                            0.131915E+23
                            0.975000E-06                            0.135332E+23
                            0.980000E-06                            0.138729E+23
                            0.985000E-06                            0.142102E+23
                            0.990000E-06                            0.145444E+23
                            0.995000E-06                            0.148754E+23
                            0.100000E-05                            0.152026E+23
                            0.100500E-05                            0.155256E+23
                            0.101000E-05                            0.158440E+23
                            0.101500E-05                            0.161575E+23
                            0.102000E-05                            0.164656E+23
                            0.102500E-05                            0.167680E+23
                            0.103000E-05                            0.170643E+23
                            0.103500E-05                            0.173542E+23
                            0.104000E-05                            0.176373E+23
                            0.104500E-05                            0.179133E+23
                            0.105000E-05                            0.181818E+23
                            0.105500E-05                            0.184427E+23
                            0.106000E-05                            0.186956E+23
                            0.106500E-05                            0.189402E+23
                            0.107000E-05                            0.191763E+23
                            0.107500E-05                            0.194036E+23
                            0.108000E-05                            0.196220E+23
                            0.108500E-05                            0.198312E+23
                            0.109000E-05                            0.200310E+23
                            0.109500E-05                            0.202213E+23
                            0.110000E-05                            0.204020E+23
                            0.110500E-05                            0.205728E+23
                            0.111000E-05                            0.207336E+23
                            0.111500E-05                            0.208845E+23
                            0.112000E-05                            0.210251E+23
                            0.112500E-05                            0.211556E+23
                            0.113000E-05                            0.212758E+23
                            0.113500E-05                            0.213858E+23
                            0.114000E-05                            0.214854E+23
                            0.114500E-05                            0.215746E+23
                            0.115000E-05                            0.216536E+23
                            0.115500E-05                            0.217222E+23
                            0.116000E-05                            0.217806E+23
                            0.116500E-05                            0.218287E+23
                            0.117000E-05                            0.218668E+23
                            0.117500E-05                            0.218947E+23
                            0.118000E-05                            0.219126E+23
                            0.118500E-05                            0.219207E+23
                            0.119000E-05                            0.219190E+23
                            0.119500E-05                            0.219077E+23
                            0.120000E-05                            0.218868E+23
                            0.120500E-05                            0.218566E+23
                            0.121000E-05                            0.218172E+23
                            0.121500E-05                            0.217687E+23
                            0.122000E-05                            0.217114E+23
                            0.122500E-05                            0.216454E+23
                            0.123000E-05                            0.215709E+23
                            0.123500E-05                            0.214880E+23
                            0.124000E-05                            0.213971E+23
                            0.124500E-05                            0.212983E+23
                            0.125000E-05                            0.211918E+23
                            0.125500E-05                            0.210778E+23
                            0.126000E-05                            0.209566E+23
                            0.126500E-05                            0.208284E+23
                            0.127000E-05                            0.206934E+23
                            0.127500E-05                            0.205519E+23
                            0.128000E-05                            0.204040E+23
                            0.128500E-05                            0.202501E+23
                            0.129000E-05                            0.200903E+23
                            0.129500E-05                            0.199250E+23
                            0.130000E-05                            0.197542E+23
                            0.130500E-05                            0.195784E+23
                            0.131000E-05                            0.193977E+23
                            0.131500E-05                            0.192123E+23
                            0.132000E-05                            0.190225E+23
                            0.132500E-05                            0.188286E+23
                            0.133000E-05                            0.186308E+23
                            0.133500E-05                            0.184292E+23
                            0.134000E-05                            0.182242E+23
                            0.134500E-05                            0.180160E+23
                            0.135000E-05                            0.178048E+23
                            0.135500E-05                            0.175908E+23
                            0.136000E-05                            0.173742E+23
                            0.136500E-05                            0.171553E+23
                            0.137000E-05                            0.169342E+23
                            0.137500E-05                            0.167113E+23
                            0.138000E-05                            0.164866E+23
                            0.138500E-05                            0.162604E+23
                            0.139000E-05                            0.160330E+23
                            0.139500E-05                            0.158043E+23
                            0.140000E-05                            0.155748E+23
                            0.140500E-05                            0.153445E+23
                            0.141000E-05                            0.151136E+23
                            0.141500E-05                            0.148824E+23
                            0.142000E-05                            0.146509E+23
                            0.142500E-05                            0.144193E+23
                            0.143000E-05                            0.141878E+23
                            0.143500E-05                            0.139566E+23
                            0.144000E-05                            0.137258E+23
                            0.144500E-05                            0.134955E+23
                            0.145000E-05                            0.132659E+23
                            0.145500E-05                            0.130370E+23
                            0.146000E-05                            0.128092E+23
                            0.146500E-05                            0.125823E+23
                            0.147000E-05                            0.123567E+23
                            0.147500E-05                            0.121324E+23
                            0.148000E-05                            0.119094E+23
                            0.148500E-05                            0.116879E+23
                            0.149000E-05                            0.114681E+23
                            0.149500E-05                            0.112499E+23
                            0.150000E-05                            0.110335E+23
                            0.150500E-05                            0.108190E+23
                            0.151000E-05                            0.106064E+23
                            0.151500E-05                            0.103958E+23
                            0.152000E-05                            0.101873E+23
                            0.152500E-05                            0.998095E+22
                            0.153000E-05                            0.977682E+22
                            0.153500E-05                            0.957495E+22
                            0.154000E-05                            0.937541E+22
                            0.154500E-05                            0.917823E+22
                            0.155000E-05                            0.898347E+22
                            0.155500E-05                            0.879117E+22
                            0.156000E-05                            0.860136E+22
                            0.156500E-05                            0.841408E+22
                            0.157000E-05                            0.822936E+22
                            0.157500E-05                            0.804722E+22
                            0.158000E-05                            0.786770E+22
                            0.158500E-05                            0.769080E+22
                            0.159000E-05                            0.751655E+22
                            0.159500E-05                            0.734497E+22
                            0.160000E-05                            0.717606E+22
                            0.160500E-05                            0.700984E+22
                            0.161000E-05                            0.684630E+22
                            0.161500E-05                            0.668546E+22
                            0.162000E-05                            0.652732E+22
                            0.162500E-05                            0.637188E+22
                            0.163000E-05                            0.621912E+22
                            0.163500E-05                            0.606906E+22
                            0.164000E-05                            0.592167E+22
                            0.164500E-05                            0.577695E+22
                            0.165000E-05                            0.563490E+22
                            0.165500E-05                            0.549549E+22
                            0.166000E-05                            0.535872E+22
                            0.166500E-05                            0.522456E+22
                            0.167000E-05                            0.509300E+22
                            0.167500E-05                            0.496402E+22
                            0.168000E-05                            0.483761E+22
                            0.168500E-05                            0.471373E+22
                            0.169000E-05                            0.459236E+22
                            0.169500E-05                            0.447349E+22
                            0.170000E-05                            0.435709E+22
                            0.170500E-05                            0.424312E+22
                            0.171000E-05                            0.413157E+22
                            0.171500E-05                            0.402241E+22
                            0.172000E-05                            0.391561E+22
                            0.172500E-05                            0.381113E+22
                            0.173000E-05                            0.370896E+22
                            0.173500E-05                            0.360906E+22
                            0.174000E-05                            0.351139E+22
                            0.174500E-05                            0.341593E+22
                            0.175000E-05                            0.332265E+22
                            0.175500E-05                            0.323151E+22
                            0.176000E-05                            0.314249E+22
                            0.176500E-05                            0.305554E+22
                            0.177000E-05                            0.297064E+22
                            0.177500E-05                            0.288775E+22
                            0.178000E-05                            0.280684E+22
                            0.178500E-05                            0.272788E+22
                            0.179000E-05                            0.265084E+22
                            0.179500E-05                            0.257567E+22
                            0.180000E-05                            0.250235E+22
                            0.180500E-05                            0.243084E+22
                            0.181000E-05                            0.236112E+22
                            0.181500E-05                            0.229314E+22
                            0.182000E-05                            0.222687E+22
                            0.182500E-05                            0.216229E+22
                            0.183000E-05                            0.209936E+22
                            0.183500E-05                            0.203804E+22
                            0.184000E-05                            0.197830E+22
                            0.184500E-05                            0.192012E+22
                            0.185000E-05                            0.186346E+22
                            0.185500E-05                            0.180829E+22
                            0.186000E-05                            0.175457E+22
                            0.186500E-05                            0.170228E+22
                            0.187000E-05                            0.165138E+22
                            0.187500E-05                            0.160185E+22
                            0.188000E-05                            0.155366E+22
                            0.188500E-05                            0.150677E+22
                            0.189000E-05                            0.146116E+22
                            0.189500E-05                            0.141680E+22
                            0.190000E-05                            0.137366E+22
                            0.190500E-05                            0.133171E+22
                            0.191000E-05                            0.129092E+22
                            0.191500E-05                            0.125127E+22
                            0.192000E-05                            0.121273E+22
                            0.192500E-05                            0.117528E+22
                            0.193000E-05                            0.113888E+22
                            0.193500E-05                            0.110351E+22
                            0.194000E-05                            0.106915E+22
                            0.194500E-05                            0.103577E+22
                            0.195000E-05                            0.100336E+22
                            0.195500E-05                            0.971871E+21
                            0.196000E-05                            0.941297E+21
                            0.196500E-05                            0.911612E+21
                            0.197000E-05                            0.882791E+21
                            0.197500E-05                            0.854814E+21
                            0.198000E-05                            0.827659E+21
                            0.198500E-05                            0.801304E+21
                            0.199000E-05                            0.775728E+21
                            0.199500E-05                            0.750911E+21
                            0.200000E-05                            0.726834E+21
                            0.200500E-05                            0.703476E+21
                            0.201000E-05                            0.680818E+21
                            0.201500E-05                            0.658842E+21
                            0.202000E-05                            0.637529E+21
                            0.202500E-05                            0.616861E+21
                            0.203000E-05                            0.596821E+21
                            0.203500E-05                            0.577391E+21
                            0.204000E-05                            0.558556E+21
                            0.204500E-05                            0.540297E+21
                            0.205000E-05                            0.522600E+21
                            0.205500E-05                            0.505448E+21
                            0.206000E-05                            0.488827E+21
                            0.206500E-05                            0.472720E+21
                            0.207000E-05                            0.457115E+21
                            0.207500E-05                            0.441996E+21
                            0.208000E-05                            0.427350E+21
                            0.208500E-05                            0.413164E+21
                            0.209000E-05                            0.399423E+21
                            0.209500E-05                            0.386115E+21
                            0.210000E-05                            0.373227E+21
                            0.210500E-05                            0.360748E+21
                            0.211000E-05                            0.348665E+21
                            0.211500E-05                            0.336966E+21
                            0.212000E-05                            0.325641E+21
                            0.212500E-05                            0.314678E+21
                            0.213000E-05                            0.304067E+21
                            0.213500E-05                            0.293797E+21
                            0.214000E-05                            0.283857E+21
                            0.214500E-05                            0.274239E+21
                            0.215000E-05                            0.264931E+21
                            0.215500E-05                            0.255926E+21
                            0.216000E-05                            0.247213E+21
                            0.216500E-05                            0.238784E+21
                            0.217000E-05                            0.230630E+21
                            0.217500E-05                            0.222743E+21
                            0.218000E-05                            0.215114E+21
                            0.218500E-05                            0.207736E+21
                            0.219000E-05                            0.200601E+21
                            0.219500E-05                            0.193701E+21
                            0.220000E-05                            0.187029E+21
                            0.220500E-05                            0.180578E+21
                            0.221000E-05                            0.174341E+21
                            0.221500E-05                            0.168311E+21
                            0.222000E-05                            0.162482E+21
                            0.222500E-05                            0.156848E+21
                            0.223000E-05                            0.151402E+21
                            0.223500E-05                            0.146138E+21
                            0.224000E-05                            0.141050E+21
                            0.224500E-05                            0.136134E+21
                            0.225000E-05                            0.131383E+21
                            0.225500E-05                            0.126792E+21
                            0.226000E-05                            0.122356E+21
                            0.226500E-05                            0.118070E+21
                            0.227000E-05                            0.113930E+21
                            0.227500E-05                            0.109930E+21
                            0.228000E-05                            0.106066E+21
                            0.228500E-05                            0.102333E+21
                            0.229000E-05                            0.987278E+20
                            0.229500E-05                            0.952457E+20
                            0.230000E-05                            0.918827E+20
                            0.230500E-05                            0.886349E+20
                            0.231000E-05                            0.854985E+20
                            0.231500E-05                            0.824699E+20
                            0.232000E-05                            0.795455E+20
                            0.232500E-05                            0.767218E+20
                            0.233000E-05                            0.739956E+20
                            0.233500E-05                            0.713636E+20
                            0.234000E-05                            0.688226E+20
                            0.234500E-05                            0.663697E+20
                            0.235000E-05                            0.640019E+20
                            0.235500E-05                            0.617164E+20
                            0.236000E-05                            0.595103E+20
                            0.236500E-05                            0.573811E+20
                            0.237000E-05                            0.553262E+20
                            0.237500E-05                            0.533430E+20
                            0.238000E-05                            0.514292E+20
                            0.238500E-05                            0.495824E+20
                            0.239000E-05                            0.478003E+20
                            0.239500E-05                            0.460807E+20
                            0.240000E-05                            0.444216E+20
                            0.240500E-05                            0.428208E+20
                            0.241000E-05                            0.412764E+20
                            0.241500E-05                            0.397865E+20
                            0.242000E-05                            0.383491E+20
                            0.242500E-05                            0.369626E+20
                            0.243000E-05                            0.356251E+20
                            0.243500E-05                            0.343349E+20
                            0.244000E-05                            0.330905E+20
                            0.244500E-05                            0.318903E+20
                            0.245000E-05                            0.307327E+20
                            0.245500E-05                            0.296163E+20
                            0.246000E-05                            0.285396E+20
                            0.246500E-05                            0.275013E+20
                            0.247000E-05                            0.265001E+20
                            0.247500E-05                            0.255346E+20
                            0.248000E-05                            0.246036E+20
                            0.248500E-05                            0.237059E+20
                            0.249000E-05                            0.228404E+20
                            0.249500E-05                            0.220059E+20
                            0.250000E-05                            0.212013E+20
                            0.250500E-05                            0.204257E+20
                            0.251000E-05                            0.196779E+20
                            0.251500E-05                            0.189570E+20
                            0.252000E-05                            0.182621E+20
                            0.252500E-05                            0.175922E+20
                            0.253000E-05                            0.169465E+20
                            0.253500E-05                            0.163241E+20
                            0.254000E-05                            0.157242E+20
                            0.254500E-05                            0.151460E+20
                            0.255000E-05                            0.145887E+20
                            0.255500E-05                            0.140516E+20
                            0.256000E-05                            0.135340E+20
                            0.256500E-05                            0.130352E+20
                            0.257000E-05                            0.125544E+20
                            0.257500E-05                            0.120912E+20
                            0.258000E-05                            0.116448E+20
                            0.258500E-05                            0.112146E+20
                            0.259000E-05                            0.108001E+20
                            0.259500E-05                            0.104007E+20
                            0.260000E-05                            0.100159E+20
                            0.260500E-05                            0.964512E+19
                            0.261000E-05                            0.928789E+19
                            0.261500E-05                            0.894371E+19
                            0.262000E-05                            0.861212E+19
                            0.262500E-05                            0.829267E+19
                            0.263000E-05                            0.798492E+19
                            0.263500E-05                            0.768845E+19
                            0.264000E-05                            0.740285E+19
                            0.264500E-05                            0.712773E+19
                            0.265000E-05                            0.686272E+19
                            0.265500E-05                            0.660744E+19
                            0.266000E-05                            0.636155E+19
                            0.266500E-05                            0.612470E+19
                            0.267000E-05                            0.589658E+19
                            0.267500E-05                            0.567685E+19
                            0.268000E-05                            0.546523E+19
                            0.268500E-05                            0.526141E+19
                            0.269000E-05                            0.506511E+19
                            0.269500E-05                            0.487606E+19
                            0.270000E-05                            0.469399E+19
                            0.270500E-05                            0.451865E+19
                            0.271000E-05                            0.434979E+19
                            0.271500E-05                            0.418718E+19
                            0.272000E-05                            0.403060E+19
                            0.272500E-05                            0.387981E+19
                            0.273000E-05                            0.373461E+19
                            0.273500E-05                            0.359479E+19
                            0.274000E-05                            0.346016E+19
                            0.274500E-05                            0.333053E+19
                            0.275000E-05                            0.320571E+19
                            0.275500E-05                            0.308553E+19
                            0.276000E-05                            0.296982E+19
                            0.276500E-05                            0.285841E+19
                            0.277000E-05                            0.275114E+19
                            0.277500E-05                            0.264786E+19
                            0.278000E-05                            0.254844E+19
                            0.278500E-05                            0.245271E+19
                            0.279000E-05                            0.236056E+19
                            0.279500E-05                            0.227183E+19
                            0.280000E-05                            0.218642E+19
                            0.280500E-05                            0.210420E+19
                            0.281000E-05                            0.202505E+19
                            0.281500E-05                            0.194885E+19
                            0.282000E-05                            0.187550E+19
                            0.282500E-05                            0.180489E+19
                            0.283000E-05                            0.173692E+19
                            0.283500E-05                            0.167149E+19
                            0.284000E-05                            0.160852E+19
                            0.284500E-05                            0.154790E+19
                            0.285000E-05                            0.148955E+19
                            0.285500E-05                            0.143338E+19
                            0.286000E-05                            0.137932E+19
                            0.286500E-05                            0.132729E+19
                            0.287000E-05                            0.127721E+19
                            0.287500E-05                            0.122900E+19
                            0.288000E-05                            0.118261E+19
                            0.288500E-05                            0.113796E+19
                            0.289000E-05                            0.109498E+19
                            0.289500E-05                            0.105362E+19
                            0.290000E-05                            0.101382E+19
                            0.290500E-05                            0.975504E+18
                            0.291000E-05                            0.938634E+18
                            0.291500E-05                            0.903151E+18
                            0.292000E-05                            0.869002E+18
                            0.292500E-05                            0.836138E+18
                            0.293000E-05                            0.804512E+18
                            0.293500E-05                            0.774076E+18
                            0.294000E-05                            0.744787E+18
                            0.294500E-05                            0.716601E+18
                            0.295000E-05                            0.689477E+18
                            0.295500E-05                            0.663376E+18
                            0.296000E-05                            0.638259E+18
                            0.296500E-05                            0.614089E+18
                            0.297000E-05                            0.590831E+18
                            0.297500E-05                            0.568450E+18
                            0.298000E-05                            0.546914E+18
                            0.298500E-05                            0.526191E+18
                            0.299000E-05                            0.506250E+18
                            0.299500E-05                            0.487063E+18
                            0.300000E-05                            0.468600E+18
                            0.300500E-05                            0.450835E+18
                            0.301000E-05                            0.433741E+18
                            0.301500E-05                            0.417294E+18
                            0.302000E-05                            0.401468E+18
                            0.302500E-05                            0.386240E+18
                            0.303000E-05                            0.371589E+18
                            0.303500E-05                            0.357492E+18
                            0.304000E-05                            0.343928E+18
                            0.304500E-05                            0.330878E+18
                            0.305000E-05                            0.318321E+18
                            0.305500E-05                            0.306240E+18
                            0.306000E-05                            0.294616E+18
                            0.306500E-05                            0.283433E+18
                            0.307000E-05                            0.272673E+18
                            0.307500E-05                            0.262321E+18
                            0.308000E-05                            0.252361E+18
                            0.308500E-05                            0.242778E+18
                            0.309000E-05                            0.233559E+18
                            0.309500E-05                            0.224689E+18
                            0.310000E-05                            0.216155E+18
                            0.310500E-05                            0.207945E+18
                            0.311000E-05                            0.200046E+18
                            0.311500E-05                            0.192447E+18
                            0.312000E-05                            0.185136E+18
                            0.312500E-05                            0.178102E+18
                            0.313000E-05                            0.171336E+18
                            0.313500E-05                            0.164826E+18
                            0.314000E-05                            0.158563E+18
                            0.314500E-05                            0.152538E+18
                            0.315000E-05                            0.146741E+18
                            0.315500E-05                            0.141165E+18
                            0.316000E-05                            0.135800E+18
                            0.316500E-05                            0.130639E+18
                            0.317000E-05                            0.125674E+18
                            0.317500E-05                            0.120898E+18
                            0.318000E-05                            0.116303E+18
                            0.318500E-05                            0.111882E+18
                            0.319000E-05                            0.107630E+18
                            0.319500E-05                            0.103539E+18
                            0.320000E-05                            0.996034E+17
                            0.320500E-05                            0.958174E+17
                            0.321000E-05                            0.921753E+17
                            0.321500E-05                            0.886716E+17
                            0.322000E-05                            0.853011E+17
                            0.322500E-05                            0.820587E+17
                            0.323000E-05                            0.789395E+17
                            0.323500E-05                            0.759389E+17
                            0.324000E-05                            0.730524E+17
                            0.324500E-05                            0.702756E+17
                            0.325000E-05                            0.676044E+17
                            0.325500E-05                            0.650347E+17
                            0.326000E-05                            0.625628E+17
                            0.326500E-05                            0.601848E+17
                            0.327000E-05                            0.578973E+17
                            0.327500E-05                            0.556967E+17
                            0.328000E-05                            0.535799E+17
                            0.328500E-05                            0.515435E+17
                            0.329000E-05                            0.495846E+17
                            0.329500E-05                            0.477002E+17
                            0.330000E-05                            0.458875E+17
                            0.330500E-05                            0.441437E+17
                            0.331000E-05                            0.424663E+17
                            0.331500E-05                            0.408526E+17
                            0.332000E-05                            0.393003E+17
                            0.332500E-05                            0.378071E+17
                            0.333000E-05                            0.363707E+17
                            0.333500E-05                            0.349889E+17
                            0.334000E-05                            0.336596E+17
                            0.334500E-05                            0.323810E+17
                            0.335000E-05                            0.311509E+17
                            0.335500E-05                            0.299677E+17
                            0.336000E-05                            0.288294E+17
                            0.336500E-05                            0.277345E+17
                            0.337000E-05                            0.266812E+17
                            0.337500E-05                            0.256680E+17
                            0.338000E-05                            0.246933E+17
                            0.338500E-05                            0.237556E+17
                            0.339000E-05                            0.228537E+17
                            0.339500E-05                            0.219860E+17
                            0.340000E-05                            0.211514E+17
                            0.340500E-05                            0.203485E+17
                            0.341000E-05                            0.195761E+17
                            0.341500E-05                            0.188331E+17
                            0.342000E-05                            0.181183E+17
                            0.342500E-05                            0.174308E+17
                            0.343000E-05                            0.167694E+17
                            0.343500E-05                            0.161331E+17
                            0.344000E-05                            0.155210E+17
                            0.344500E-05                            0.149322E+17
                            0.345000E-05                            0.143658E+17
                            0.345500E-05                            0.138209E+17
                            0.346000E-05                            0.132967E+17
                            0.346500E-05                            0.127925E+17
                            0.347000E-05                            0.123074E+17
                            0.347500E-05                            0.118408E+17
                            0.348000E-05                            0.113919E+17
                            0.348500E-05                            0.109601E+17
                            0.349000E-05                            0.105446E+17
                            0.349500E-05                            0.101450E+17
                            0.350000E-05                            0.976054E+16
                            0.350500E-05                            0.939070E+16
                            0.351000E-05                            0.903491E+16
                            0.351500E-05                            0.869263E+16
                            0.352000E-05                            0.836336E+16
                            0.352500E-05                            0.804660E+16
                            0.353000E-05                            0.774187E+16
