                   0.100000009087772E+05
                   0.000000000000000E+00
                   0.323946898735692E+29
                   0.593902647682102E+29
                   0.863858396628512E+29
                   0.113381414557492E+30
                   0.140995997418767E+31
                   0.497673078434844E+31
                   0.152754835962229E+32
                   0.000000000000000E+00
                   0.000000000000000E+00
                   0.000000000000000E+00
                   0.000000000000000E+00
                   0.000000000000000E+00
                   0.000000000000000E+00
                   0.000000000000000E+00
                   0.000000000000000E+00
                   0.000000000000000E+00
                   0.000000000000000E+00
                   0.000000000000000E+00
                   0.000000000000000E+00
                   0.000000000000000E+00
