                   0.100098380232524E+03
                   0.000000000000000E+00
                   0.000000000000000E+00
                   0.000000000000000E+00
                   0.000000000000000E+00
                   0.000000000000000E+00
                   0.000000000000000E+00
                   0.000000000000000E+00
                   0.000000000000000E+00
                   0.000000000000000E+00
                   0.000000000000000E+00
                   0.000000000000000E+00
                   0.000000000000000E+00
                   0.000000000000000E+00
                   0.000000000000000E+00
                   0.000000000000000E+00
                   0.000000000000000E+00
                   0.000000000000000E+00
                   0.000000000000000E+00
                   0.000000000000000E+00
                   0.000000000000000E+00
                   0.000000000000000E+00
                   0.000000000000000E+00
                   0.000000000000000E+00
                   0.000000000000000E+00
                   0.000000000000000E+00
                   0.000000000000000E+00
                   0.000000000000000E+00
                   0.000000000000000E+00
                   0.000000000000000E+00
                   0.000000000000000E+00
                   0.000000000000000E+00
                   0.000000000000000E+00
                   0.000000000000000E+00
                   0.000000000000000E+00
                   0.000000000000000E+00
                   0.000000000000000E+00
                   0.000000000000000E+00
                   0.000000000000000E+00
                   0.000000000000000E+00
                   0.000000000000000E+00
                   0.000000000000000E+00
                   0.000000000000000E+00
                   0.000000000000000E+00
                   0.000000000000000E+00
                   0.000000000000000E+00
                   0.000000000000000E+00
                   0.000000000000000E+00
                   0.000000000000000E+00
                   0.000000000000000E+00
                   0.000000000000000E+00
                   0.000000000000000E+00
                   0.000000000000000E+00
                   0.000000000000000E+00
                   0.000000000000000E+00
                   0.000000000000000E+00
                   0.000000000000000E+00
                   0.000000000000000E+00
                   0.000000000000000E+00
                   0.000000000000000E+00
                   0.000000000000000E+00
                   0.000000000000000E+00
