'tests/test_nickel_coarsening_bimodal/' 
-8.500e+00 
3.000e-02 
100 
1323.000000 
0.000e+00 
3.6e-10 
1.7e-29 
1.0e-05 
0.0e+00 
0.090 
2.9400e-04 
2.9400e-04 
2.6900e+05 
2.6900e+05 
9.0300e-02 
0.0000e+00 
1 
0 
3 
5.000e-05 
1.000e-05 
3.000e-01 
1.083e+05 
5.200e-01 
9.300e-01 
1.000e+01 
3.500e-02 
1.000e+14 
1.000e+14 
2.9000e-10 
1.5000e-06 
1.1880e-01 
2.0000e-01 
5.0000e+03 
1.0000e+00 
2.0000e+01 
1.0000e+08 
5.2140e-06 
6.0000e+04 
6.6831e+00 
7.5000e-02 
0.0000e+00 
1 
2.2611e+01 
6.2259e+04 
0.0000e+00 
2.9300e+02 
2.0000e-09 
2.0000e-08 
2.0000e-02 
2.0000e-01 
