1.000e-10 
1.000e-10 
200 
433.000000 
0.000e+00 
4.0e-10 
1.6e-29 
9.6e-06 
0.0e+00 
0.130 
5.0000e-20 
5.0000e-20 
0.0000e+00 
0.0000e+00 
6.0000e-02 
0.0000e+00 
1 
0 
0 
5.000e-05 
1.000e-05 
3.000e-01 
1.083e+05 
5.200e-01 
9.300e-01 
1.000e+01 
3.500e-02 
1.000e+14 
1.000e+14 
2.9000e-10 
0.0000e+00 
0.0000e+00 
0.0000e+00 
0.0000e+00 
2.0000e-01 
0.0000e+00 
1.0000e+04 
1.0000e+00 
1.0000e+00 
1.0000e+08 
5.2140e-06 
6.0000e+04 
6.6831e+00 
1.0000e-02 
0.0000e+00 
0 
0.0000e+00 
0.0000e+00 
