-9.500e+00 
1.000e-01 
23 
1290.000000 
0.000e+00 
3.6e-10 
1.7e-29 
1.0e-05 
0.0e+00 
0.090 
4.3000e-06 
4.3000e-06 
2.5600e+05 
2.5600e+05 
6.4700e-02 
0.0000e+00 
1 
0 
3 
5.000e-05 
1.000e-05 
3.000e-01 
1.083e+05 
5.200e-01 
9.300e-01 
1.000e+01 
3.500e-02 
1.000e+14 
1.000e+14 
2.9000e-10 
1.0000e-09 
0.0000e+00 
1.0000e-05 
0.0000e+00 
2.0000e-01 
1.5000e-01 
5.0000e+00 
1.0000e+00 
1.0000e-01 
1.0000e+08 
5.2140e-06 
6.0000e+04 
6.6831e+00 
8.0100e-02 
0.0000e+00 
0 
6.2259e+04 
2.2611e+01 
