  # Bin [m], Precipitate density distribution [/m^4]
                            0.450000E-07                            0.000000E+00
                            0.500000E-07                            0.168330E-73
                            0.550000E-07                            0.855213E-70
                            0.600000E-07                            0.169506E-66
                            0.650000E-07                            0.154755E-63
                            0.700000E-07                            0.738902E-61
                            0.750000E-07                            0.203716E-58
                            0.800000E-07                            0.350847E-56
                            0.850000E-07                            0.402172E-54
                            0.900000E-07                            0.323161E-52
                            0.950000E-07                            0.190000E-50
                            0.100000E-06                            0.847178E-49
                            0.105000E-06                            0.295260E-47
                            0.110000E-06                            0.825290E-46
                            0.115000E-06                            0.189125E-44
                            0.120000E-06                            0.362153E-43
                            0.125000E-06                            0.589129E-42
                            0.130000E-06                            0.825983E-41
                            0.135000E-06                            0.101083E-39
                            0.140000E-06                            0.109193E-38
                            0.145000E-06                            0.105154E-37
                            0.150000E-06                            0.910770E-37
                            0.155000E-06                            0.715113E-36
                            0.160000E-06                            0.512627E-35
                            0.165000E-06                            0.337643E-34
                            0.170000E-06                            0.205518E-33
                            0.175000E-06                            0.116210E-32
                            0.180000E-06                            0.613332E-32
                            0.185000E-06                            0.303451E-31
                            0.190000E-06                            0.141298E-30
                            0.195000E-06                            0.621446E-30
                            0.200000E-06                            0.259021E-29
                            0.205000E-06                            0.102625E-28
                            0.210000E-06                            0.387599E-28
                            0.215000E-06                            0.139909E-27
                            0.220000E-06                            0.483823E-27
                            0.225000E-06                            0.160647E-26
                            0.230000E-06                            0.513212E-26
                            0.235000E-06                            0.158051E-25
                            0.240000E-06                            0.470053E-25
                            0.245000E-06                            0.135230E-24
                            0.250000E-06                            0.376920E-24
                            0.255000E-06                            0.101932E-23
                            0.260000E-06                            0.267820E-23
                            0.265000E-06                            0.684557E-23
                            0.270000E-06                            0.170423E-22
                            0.275000E-06                            0.413701E-22
                            0.280000E-06                            0.980277E-22
                            0.285000E-06                            0.226959E-21
                            0.290000E-06                            0.513915E-21
                            0.295000E-06                            0.113911E-20
                            0.300000E-06                            0.247366E-20
                            0.305000E-06                            0.526690E-20
                            0.310000E-06                            0.110037E-19
                            0.315000E-06                            0.225735E-19
                            0.320000E-06                            0.455022E-19
                            0.325000E-06                            0.901807E-19
                            0.330000E-06                            0.175837E-18
                            0.335000E-06                            0.337497E-18
                            0.340000E-06                            0.638020E-18
                            0.345000E-06                            0.118859E-17
                            0.350000E-06                            0.218310E-17
                            0.355000E-06                            0.395523E-17
                            0.360000E-06                            0.707166E-17
                            0.365000E-06                            0.124827E-16
                            0.370000E-06                            0.217629E-16
                            0.375000E-06                            0.374898E-16
                            0.380000E-06                            0.638357E-16
                            0.385000E-06                            0.107479E-15
                            0.390000E-06                            0.178998E-15
                            0.395000E-06                            0.294968E-15
                            0.400000E-06                            0.481109E-15
                            0.405000E-06                            0.776940E-15
                            0.410000E-06                            0.124260E-14
                            0.415000E-06                            0.196880E-14
                            0.420000E-06                            0.309107E-14
                            0.425000E-06                            0.481025E-14
                            0.430000E-06                            0.742142E-14
                            0.435000E-06                            0.113545E-13
                            0.440000E-06                            0.172312E-13
                            0.445000E-06                            0.259429E-13
                            0.450000E-06                            0.387591E-13
                            0.455000E-06                            0.574738E-13
                            0.460000E-06                            0.846041E-13
                            0.465000E-06                            0.123658E-12
                            0.470000E-06                            0.179490E-12
                            0.475000E-06                            0.258777E-12
                            0.480000E-06                            0.370637E-12
                            0.485000E-06                            0.527453E-12
                            0.490000E-06                            0.745931E-12
                            0.495000E-06                            0.104848E-11
                            0.500000E-06                            0.146499E-11
                            0.505000E-06                            0.203508E-11
                            0.510000E-06                            0.281102E-11
                            0.515000E-06                            0.386136E-11
                            0.520000E-06                            0.527551E-11
                            0.525000E-06                            0.716956E-11
                            0.530000E-06                            0.969345E-11
                            0.535000E-06                            0.130398E-10
                            0.540000E-06                            0.174552E-10
                            0.545000E-06                            0.232531E-10
                            0.550000E-06                            0.308313E-10
                            0.555000E-06                            0.406912E-10
                            0.560000E-06                            0.534628E-10
                            0.565000E-06                            0.699337E-10
                            0.570000E-06                            0.910851E-10
                            0.575000E-06                            0.118134E-09
                            0.580000E-06                            0.152583E-09
                            0.585000E-06                            0.196282E-09
                            0.590000E-06                            0.251497E-09
                            0.595000E-06                            0.320997E-09
                            0.600000E-06                            0.408150E-09
                            0.605000E-06                            0.517037E-09
                            0.610000E-06                            0.652588E-09
                            0.615000E-06                            0.820739E-09
                            0.620000E-06                            0.102861E-08
                            0.625000E-06                            0.128471E-08
                            0.630000E-06                            0.159918E-08
                            0.635000E-06                            0.198407E-08
                            0.640000E-06                            0.245364E-08
                            0.645000E-06                            0.302473E-08
                            0.650000E-06                            0.371716E-08
                            0.655000E-06                            0.455418E-08
                            0.660000E-06                            0.556299E-08
                            0.665000E-06                            0.677531E-08
                            0.670000E-06                            0.822806E-08
                            0.675000E-06                            0.996405E-08
                            0.680000E-06                            0.120328E-07
                            0.685000E-06                            0.144915E-07
                            0.690000E-06                            0.174059E-07
                            0.695000E-06                            0.208514E-07
                            0.700000E-06                            0.249146E-07
                            0.705000E-06                            0.296940E-07
                            0.710000E-06                            0.353022E-07
                            0.715000E-06                            0.418669E-07
                            0.720000E-06                            0.495329E-07
                            0.725000E-06                            0.584643E-07
                            0.730000E-06                            0.688458E-07
                            0.735000E-06                            0.808857E-07
                            0.740000E-06                            0.948181E-07
                            0.745000E-06                            0.110905E-06
                            0.750000E-06                            0.129440E-06
                            0.755000E-06                            0.150751E-06
                            0.760000E-06                            0.175202E-06
                            0.765000E-06                            0.203200E-06
                            0.770000E-06                            0.235193E-06
                            0.775000E-06                            0.271680E-06
                            0.780000E-06                            0.313212E-06
                            0.785000E-06                            0.360396E-06
                            0.790000E-06                            0.413900E-06
                            0.795000E-06                            0.474458E-06
                            0.800000E-06                            0.542875E-06
                            0.805000E-06                            0.620033E-06
                            0.810000E-06                            0.706895E-06
                            0.815000E-06                            0.804511E-06
                            0.820000E-06                            0.914026E-06
                            0.825000E-06                            0.103668E-05
                            0.830000E-06                            0.117383E-05
                            0.835000E-06                            0.132692E-05
                            0.840000E-06                            0.149755E-05
                            0.845000E-06                            0.168742E-05
                            0.850000E-06                            0.189836E-05
                            0.855000E-06                            0.213235E-05
                            0.860000E-06                            0.239153E-05
                            0.865000E-06                            0.267817E-05
                            0.870000E-06                            0.299471E-05
                            0.875000E-06                            0.334376E-05
                            0.880000E-06                            0.372812E-05
                            0.885000E-06                            0.415076E-05
                            0.890000E-06                            0.461484E-05
                            0.895000E-06                            0.512373E-05
                            0.900000E-06                            0.568099E-05
                            0.905000E-06                            0.629043E-05
                            0.910000E-06                            0.695604E-05
                            0.915000E-06                            0.768205E-05
                            0.920000E-06                            0.847294E-05
                            0.925000E-06                            0.933342E-05
                            0.930000E-06                            0.102684E-04
                            0.935000E-06                            0.112832E-04
                            0.940000E-06                            0.123832E-04
                            0.945000E-06                            0.135742E-04
                            0.950000E-06                            0.148621E-04
                            0.955000E-06                            0.162532E-04
                            0.960000E-06                            0.177541E-04
                            0.965000E-06                            0.193716E-04
                            0.970000E-06                            0.211128E-04
                            0.975000E-06                            0.229851E-04
                            0.980000E-06                            0.249961E-04
                            0.985000E-06                            0.271539E-04
                            0.990000E-06                            0.294666E-04
                            0.995000E-06                            0.319429E-04
                            0.100000E-05                            0.345914E-04
                            0.100500E-05                            0.374213E-04
                            0.101000E-05                            0.404420E-04
                            0.101500E-05                            0.436630E-04
                            0.102000E-05                            0.470943E-04
                            0.102500E-05                            0.507461E-04
                            0.103000E-05                            0.546287E-04
                            0.103500E-05                            0.587529E-04
                            0.104000E-05                            0.631295E-04
                            0.104500E-05                            0.677697E-04
                            0.105000E-05                            0.726848E-04
                            0.105500E-05                            0.778864E-04
                            0.106000E-05                            0.833863E-04
                            0.106500E-05                            0.891963E-04
                            0.107000E-05                            0.953287E-04
                            0.107500E-05                            0.101796E-03
                            0.108000E-05                            0.108609E-03
                            0.108500E-05                            0.115783E-03
                            0.109000E-05                            0.123328E-03
                            0.109500E-05                            0.131259E-03
                            0.110000E-05                            0.139587E-03
                            0.110500E-05                            0.148326E-03
                            0.111000E-05                            0.157488E-03
                            0.111500E-05                            0.167086E-03
                            0.112000E-05                            0.177134E-03
                            0.112500E-05                            0.187644E-03
                            0.113000E-05                            0.198628E-03
                            0.113500E-05                            0.210100E-03
                            0.114000E-05                            0.222073E-03
                            0.114500E-05                            0.234558E-03
                            0.115000E-05                            0.247568E-03
                            0.115500E-05                            0.261115E-03
                            0.116000E-05                            0.275212E-03
                            0.116500E-05                            0.289870E-03
                            0.117000E-05                            0.305100E-03
                            0.117500E-05                            0.320914E-03
                            0.118000E-05                            0.337323E-03
                            0.118500E-05                            0.354338E-03
                            0.119000E-05                            0.371968E-03
                            0.119500E-05                            0.390225E-03
                            0.120000E-05                            0.409116E-03
                            0.120500E-05                            0.428653E-03
                            0.121000E-05                            0.448842E-03
                            0.121500E-05                            0.469694E-03
                            0.122000E-05                            0.491214E-03
                            0.122500E-05                            0.513412E-03
                            0.123000E-05                            0.536293E-03
                            0.123500E-05                            0.559863E-03
                            0.124000E-05                            0.584129E-03
                            0.124500E-05                            0.609096E-03
                            0.125000E-05                            0.634768E-03
                            0.125500E-05                            0.661149E-03
                            0.126000E-05                            0.688242E-03
                            0.126500E-05                            0.716050E-03
                            0.127000E-05                            0.744575E-03
                            0.127500E-05                            0.773818E-03
                            0.128000E-05                            0.803779E-03
                            0.128500E-05                            0.834460E-03
                            0.129000E-05                            0.865858E-03
                            0.129500E-05                            0.897973E-03
                            0.130000E-05                            0.930802E-03
                            0.130500E-05                            0.964343E-03
                            0.131000E-05                            0.998590E-03
                            0.131500E-05                            0.103354E-02
                            0.132000E-05                            0.106919E-02
                            0.132500E-05                            0.110553E-02
                            0.133000E-05                            0.114256E-02
                            0.133500E-05                            0.118026E-02
                            0.134000E-05                            0.121863E-02
                            0.134500E-05                            0.125767E-02
                            0.135000E-05                            0.129735E-02
                            0.135500E-05                            0.133768E-02
                            0.136000E-05                            0.137863E-02
                            0.136500E-05                            0.142020E-02
                            0.137000E-05                            0.146238E-02
                            0.137500E-05                            0.150515E-02
                            0.138000E-05                            0.154850E-02
                            0.138500E-05                            0.159240E-02
                            0.139000E-05                            0.163686E-02
                            0.139500E-05                            0.168185E-02
                            0.140000E-05                            0.172735E-02
                            0.140500E-05                            0.177336E-02
                            0.141000E-05                            0.181984E-02
                            0.141500E-05                            0.186678E-02
                            0.142000E-05                            0.191417E-02
                            0.142500E-05                            0.196197E-02
                            0.143000E-05                            0.201018E-02
                            0.143500E-05                            0.205878E-02
                            0.144000E-05                            0.210773E-02
                            0.144500E-05                            0.215702E-02
                            0.145000E-05                            0.220663E-02
                            0.145500E-05                            0.225653E-02
                            0.146000E-05                            0.230671E-02
                            0.146500E-05                            0.235713E-02
                            0.147000E-05                            0.240778E-02
                            0.147500E-05                            0.245863E-02
                            0.148000E-05                            0.250966E-02
                            0.148500E-05                            0.256083E-02
                            0.149000E-05                            0.261214E-02
                            0.149500E-05                            0.266354E-02
                            0.150000E-05                            0.271503E-02
                            0.150500E-05                            0.276656E-02
                            0.151000E-05                            0.281812E-02
                            0.151500E-05                            0.286969E-02
                            0.152000E-05                            0.292122E-02
                            0.152500E-05                            0.297271E-02
                            0.153000E-05                            0.302411E-02
                            0.153500E-05                            0.307542E-02
                            0.154000E-05                            0.312659E-02
                            0.154500E-05                            0.317761E-02
                            0.155000E-05                            0.322846E-02
                            0.155500E-05                            0.327909E-02
                            0.156000E-05                            0.332949E-02
                            0.156500E-05                            0.337964E-02
                            0.157000E-05                            0.342950E-02
                            0.157500E-05                            0.347906E-02
                            0.158000E-05                            0.352829E-02
                            0.158500E-05                            0.357715E-02
                            0.159000E-05                            0.362564E-02
                            0.159500E-05                            0.367372E-02
                            0.160000E-05                            0.372138E-02
                            0.160500E-05                            0.376858E-02
                            0.161000E-05                            0.381530E-02
                            0.161500E-05                            0.386153E-02
                            0.162000E-05                            0.390724E-02
                            0.162500E-05                            0.395240E-02
                            0.163000E-05                            0.399701E-02
                            0.163500E-05                            0.404102E-02
                            0.164000E-05                            0.408443E-02
                            0.164500E-05                            0.412722E-02
                            0.165000E-05                            0.416936E-02
                            0.165500E-05                            0.421083E-02
                            0.166000E-05                            0.425163E-02
                            0.166500E-05                            0.429172E-02
                            0.167000E-05                            0.433109E-02
                            0.167500E-05                            0.436973E-02
                            0.168000E-05                            0.440761E-02
                            0.168500E-05                            0.444472E-02
                            0.169000E-05                            0.448106E-02
                            0.169500E-05                            0.451659E-02
                            0.170000E-05                            0.455131E-02
                            0.170500E-05                            0.458520E-02
                            0.171000E-05                            0.461825E-02
                            0.171500E-05                            0.465046E-02
                            0.172000E-05                            0.468179E-02
                            0.172500E-05                            0.471226E-02
                            0.173000E-05                            0.474183E-02
                            0.173500E-05                            0.477052E-02
                            0.174000E-05                            0.479829E-02
                            0.174500E-05                            0.482516E-02
                            0.175000E-05                            0.485110E-02
                            0.175500E-05                            0.487611E-02
                            0.176000E-05                            0.490019E-02
                            0.176500E-05                            0.492333E-02
                            0.177000E-05                            0.494551E-02
                            0.177500E-05                            0.496675E-02
                            0.178000E-05                            0.498703E-02
                            0.178500E-05                            0.500635E-02
                            0.179000E-05                            0.502470E-02
                            0.179500E-05                            0.504209E-02
                            0.180000E-05                            0.505851E-02
                            0.180500E-05                            0.507396E-02
                            0.181000E-05                            0.508844E-02
                            0.181500E-05                            0.510194E-02
                            0.182000E-05                            0.511448E-02
                            0.182500E-05                            0.512605E-02
                            0.183000E-05                            0.513665E-02
                            0.183500E-05                            0.514628E-02
                            0.184000E-05                            0.515495E-02
                            0.184500E-05                            0.516266E-02
                            0.185000E-05                            0.516941E-02
                            0.185500E-05                            0.517521E-02
                            0.186000E-05                            0.518006E-02
                            0.186500E-05                            0.518396E-02
                            0.187000E-05                            0.518693E-02
                            0.187500E-05                            0.518896E-02
                            0.188000E-05                            0.519007E-02
                            0.188500E-05                            0.519026E-02
                            0.189000E-05                            0.518954E-02
                            0.189500E-05                            0.518791E-02
                            0.190000E-05                            0.518538E-02
                            0.190500E-05                            0.518197E-02
                            0.191000E-05                            0.517768E-02
                            0.191500E-05                            0.517251E-02
                            0.192000E-05                            0.516649E-02
                            0.192500E-05                            0.515962E-02
                            0.193000E-05                            0.515190E-02
                            0.193500E-05                            0.514336E-02
                            0.194000E-05                            0.513399E-02
                            0.194500E-05                            0.512381E-02
                            0.195000E-05                            0.511284E-02
                            0.195500E-05                            0.510108E-02
                            0.196000E-05                            0.508855E-02
                            0.196500E-05                            0.507526E-02
                            0.197000E-05                            0.506121E-02
                            0.197500E-05                            0.504643E-02
                            0.198000E-05                            0.503093E-02
                            0.198500E-05                            0.501471E-02
                            0.199000E-05                            0.499779E-02
                            0.199500E-05                            0.498019E-02
                            0.200000E-05                            0.496191E-02
                            0.200500E-05                            0.494298E-02
                            0.201000E-05                            0.492340E-02
                            0.201500E-05                            0.490319E-02
                            0.202000E-05                            0.488236E-02
                            0.202500E-05                            0.486092E-02
                            0.203000E-05                            0.483890E-02
                            0.203500E-05                            0.481630E-02
                            0.204000E-05                            0.479314E-02
                            0.204500E-05                            0.476943E-02
                            0.205000E-05                            0.474519E-02
                            0.205500E-05                            0.472042E-02
                            0.206000E-05                            0.469516E-02
                            0.206500E-05                            0.466940E-02
                            0.207000E-05                            0.464316E-02
                            0.207500E-05                            0.461647E-02
                            0.208000E-05                            0.458932E-02
                            0.208500E-05                            0.456174E-02
                            0.209000E-05                            0.453374E-02
                            0.209500E-05                            0.450534E-02
                            0.210000E-05                            0.447654E-02
                            0.210500E-05                            0.444736E-02
                            0.211000E-05                            0.441782E-02
                            0.211500E-05                            0.438794E-02
                            0.212000E-05                            0.435771E-02
                            0.212500E-05                            0.432716E-02
                            0.213000E-05                            0.429631E-02
                            0.213500E-05                            0.426516E-02
                            0.214000E-05                            0.423372E-02
                            0.214500E-05                            0.420202E-02
                            0.215000E-05                            0.417007E-02
                            0.215500E-05                            0.413787E-02
                            0.216000E-05                            0.410544E-02
                            0.216500E-05                            0.407279E-02
                            0.217000E-05                            0.403994E-02
                            0.217500E-05                            0.400690E-02
                            0.218000E-05                            0.397368E-02
                            0.218500E-05                            0.394029E-02
                            0.219000E-05                            0.390675E-02
                            0.219500E-05                            0.387306E-02
                            0.220000E-05                            0.383924E-02
                            0.220500E-05                            0.380531E-02
                            0.221000E-05                            0.377126E-02
                            0.221500E-05                            0.373712E-02
                            0.222000E-05                            0.370289E-02
                            0.222500E-05                            0.366859E-02
                            0.223000E-05                            0.363422E-02
                            0.223500E-05                            0.359979E-02
                            0.224000E-05                            0.356533E-02
                            0.224500E-05                            0.353083E-02
                            0.225000E-05                            0.349630E-02
                            0.225500E-05                            0.346177E-02
                            0.226000E-05                            0.342722E-02
                            0.226500E-05                            0.339269E-02
                            0.227000E-05                            0.335816E-02
                            0.227500E-05                            0.332367E-02
                            0.228000E-05                            0.328920E-02
                            0.228500E-05                            0.325477E-02
                            0.229000E-05                            0.322040E-02
                            0.229500E-05                            0.318608E-02
                            0.230000E-05                            0.315182E-02
                            0.230500E-05                            0.311764E-02
                            0.231000E-05                            0.308354E-02
                            0.231500E-05                            0.304953E-02
                            0.232000E-05                            0.301562E-02
                            0.232500E-05                            0.298181E-02
                            0.233000E-05                            0.294811E-02
                            0.233500E-05                            0.291452E-02
                            0.234000E-05                            0.288106E-02
                            0.234500E-05                            0.284773E-02
                            0.235000E-05                            0.281453E-02
                            0.235500E-05                            0.278148E-02
                            0.236000E-05                            0.274857E-02
                            0.236500E-05                            0.271582E-02
                            0.237000E-05                            0.268323E-02
                            0.237500E-05                            0.265079E-02
                            0.238000E-05                            0.261853E-02
                            0.238500E-05                            0.258645E-02
                            0.239000E-05                            0.255454E-02
                            0.239500E-05                            0.252281E-02
                            0.240000E-05                            0.249127E-02
                            0.240500E-05                            0.245993E-02
                            0.241000E-05                            0.242878E-02
                            0.241500E-05                            0.239783E-02
                            0.242000E-05                            0.236708E-02
                            0.242500E-05                            0.233655E-02
                            0.243000E-05                            0.230622E-02
                            0.243500E-05                            0.227611E-02
                            0.244000E-05                            0.224621E-02
                            0.244500E-05                            0.221653E-02
                            0.245000E-05                            0.218708E-02
                            0.245500E-05                            0.215785E-02
                            0.246000E-05                            0.212885E-02
                            0.246500E-05                            0.210009E-02
                            0.247000E-05                            0.207155E-02
                            0.247500E-05                            0.204325E-02
                            0.248000E-05                            0.201519E-02
                            0.248500E-05                            0.198736E-02
                            0.249000E-05                            0.195978E-02
                            0.249500E-05                            0.193244E-02
                            0.250000E-05                            0.190534E-02
                            0.250500E-05                            0.187849E-02
                            0.251000E-05                            0.185189E-02
                            0.251500E-05                            0.182553E-02
                            0.252000E-05                            0.179942E-02
                            0.252500E-05                            0.177356E-02
                            0.253000E-05                            0.174796E-02
                            0.253500E-05                            0.172260E-02
                            0.254000E-05                            0.169749E-02
                            0.254500E-05                            0.167264E-02
                            0.255000E-05                            0.164804E-02
                            0.255500E-05                            0.162369E-02
                            0.256000E-05                            0.159960E-02
                            0.256500E-05                            0.157576E-02
                            0.257000E-05                            0.155217E-02
                            0.257500E-05                            0.152884E-02
                            0.258000E-05                            0.150576E-02
                            0.258500E-05                            0.148293E-02
                            0.259000E-05                            0.146035E-02
                            0.259500E-05                            0.143803E-02
                            0.260000E-05                            0.141596E-02
                            0.260500E-05                            0.139414E-02
                            0.261000E-05                            0.137257E-02
                            0.261500E-05                            0.135125E-02
                            0.262000E-05                            0.133018E-02
                            0.262500E-05                            0.130936E-02
                            0.263000E-05                            0.128879E-02
                            0.263500E-05                            0.126847E-02
                            0.264000E-05                            0.124839E-02
                            0.264500E-05                            0.122855E-02
                            0.265000E-05                            0.120896E-02
                            0.265500E-05                            0.118961E-02
                            0.266000E-05                            0.117050E-02
                            0.266500E-05                            0.115164E-02
                            0.267000E-05                            0.113301E-02
                            0.267500E-05                            0.111462E-02
                            0.268000E-05                            0.109647E-02
                            0.268500E-05                            0.107855E-02
                            0.269000E-05                            0.106086E-02
                            0.269500E-05                            0.104341E-02
                            0.270000E-05                            0.102619E-02
                            0.270500E-05                            0.100919E-02
                            0.271000E-05                            0.992426E-03
                            0.271500E-05                            0.975886E-03
                            0.272000E-05                            0.959569E-03
                            0.272500E-05                            0.943474E-03
                            0.273000E-05                            0.927601E-03
                            0.273500E-05                            0.911946E-03
                            0.274000E-05                            0.896509E-03
                            0.274500E-05                            0.881287E-03
                            0.275000E-05                            0.866278E-03
                            0.275500E-05                            0.851482E-03
                            0.276000E-05                            0.836895E-03
                            0.276500E-05                            0.822517E-03
                            0.277000E-05                            0.808345E-03
                            0.277500E-05                            0.794378E-03
                            0.278000E-05                            0.780613E-03
                            0.278500E-05                            0.767048E-03
                            0.279000E-05                            0.753683E-03
                            0.279500E-05                            0.740514E-03
                            0.280000E-05                            0.727540E-03
                            0.280500E-05                            0.714759E-03
                            0.281000E-05                            0.702169E-03
                            0.281500E-05                            0.689767E-03
                            0.282000E-05                            0.677553E-03
                            0.282500E-05                            0.665524E-03
                            0.283000E-05                            0.653679E-03
                            0.283500E-05                            0.642014E-03
                            0.284000E-05                            0.630528E-03
                            0.284500E-05                            0.619220E-03
                            0.285000E-05                            0.608087E-03
                            0.285500E-05                            0.597127E-03
                            0.286000E-05                            0.586339E-03
                            0.286500E-05                            0.575719E-03
                            0.287000E-05                            0.565267E-03
                            0.287500E-05                            0.554981E-03
                            0.288000E-05                            0.544858E-03
                            0.288500E-05                            0.534896E-03
                            0.289000E-05                            0.525094E-03
                            0.289500E-05                            0.515449E-03
                            0.290000E-05                            0.505960E-03
                            0.290500E-05                            0.496625E-03
                            0.291000E-05                            0.487441E-03
                            0.291500E-05                            0.478408E-03
                            0.292000E-05                            0.469522E-03
                            0.292500E-05                            0.460782E-03
                            0.293000E-05                            0.452187E-03
                            0.293500E-05                            0.443734E-03
                            0.294000E-05                            0.435421E-03
                            0.294500E-05                            0.427247E-03
                            0.295000E-05                            0.419210E-03
                            0.295500E-05                            0.411307E-03
                            0.296000E-05                            0.403538E-03
                            0.296500E-05                            0.395900E-03
                            0.297000E-05                            0.388392E-03
                            0.297500E-05                            0.381011E-03
                            0.298000E-05                            0.373756E-03
                            0.298500E-05                            0.366625E-03
                            0.299000E-05                            0.359617E-03
                            0.299500E-05                            0.352729E-03
                            0.300000E-05                            0.345960E-03
                            0.300500E-05                            0.339309E-03
                            0.301000E-05                            0.332773E-03
                            0.301500E-05                            0.326352E-03
                            0.302000E-05                            0.320042E-03
                            0.302500E-05                            0.313843E-03
                            0.303000E-05                            0.307753E-03
                            0.303500E-05                            0.301771E-03
                            0.304000E-05                            0.295894E-03
                            0.304500E-05                            0.290122E-03
                            0.305000E-05                            0.284452E-03
                            0.305500E-05                            0.278883E-03
                            0.306000E-05                            0.273414E-03
                            0.306500E-05                            0.268043E-03
                            0.307000E-05                            0.262768E-03
                            0.307500E-05                            0.257589E-03
                            0.308000E-05                            0.252503E-03
                            0.308500E-05                            0.247509E-03
                            0.309000E-05                            0.242606E-03
                            0.309500E-05                            0.237792E-03
                            0.310000E-05                            0.233066E-03
                            0.310500E-05                            0.228427E-03
                            0.311000E-05                            0.223872E-03
                            0.311500E-05                            0.219401E-03
                            0.312000E-05                            0.215013E-03
                            0.312500E-05                            0.210706E-03
                            0.313000E-05                            0.206479E-03
                            0.313500E-05                            0.202330E-03
                            0.314000E-05                            0.198258E-03
                            0.314500E-05                            0.194262E-03
                            0.315000E-05                            0.190341E-03
                            0.315500E-05                            0.186493E-03
                            0.316000E-05                            0.182717E-03
                            0.316500E-05                            0.179013E-03
                            0.317000E-05                            0.175378E-03
                            0.317500E-05                            0.171812E-03
                            0.318000E-05                            0.168314E-03
                            0.318500E-05                            0.164882E-03
                            0.319000E-05                            0.161515E-03
                            0.319500E-05                            0.158212E-03
                            0.320000E-05                            0.154973E-03
                            0.320500E-05                            0.151795E-03
                            0.321000E-05                            0.148678E-03
                            0.321500E-05                            0.145621E-03
                            0.322000E-05                            0.142623E-03
                            0.322500E-05                            0.139683E-03
                            0.323000E-05                            0.136800E-03
                            0.323500E-05                            0.133972E-03
                            0.324000E-05                            0.131200E-03
                            0.324500E-05                            0.128481E-03
                            0.325000E-05                            0.125815E-03
                            0.325500E-05                            0.123201E-03
                            0.326000E-05                            0.120638E-03
                            0.326500E-05                            0.118126E-03
                            0.327000E-05                            0.115662E-03
                            0.327500E-05                            0.113247E-03
                            0.328000E-05                            0.110880E-03
                            0.328500E-05                            0.108559E-03
                            0.329000E-05                            0.106284E-03
                            0.329500E-05                            0.104054E-03
                            0.330000E-05                            0.101869E-03
                            0.330500E-05                            0.997265E-04
                            0.331000E-05                            0.976268E-04
                            0.331500E-05                            0.955689E-04
                            0.332000E-05                            0.935522E-04
                            0.332500E-05                            0.915757E-04
                            0.333000E-05                            0.896388E-04
                            0.333500E-05                            0.877407E-04
                            0.334000E-05                            0.858808E-04
                            0.334500E-05                            0.840583E-04
                            0.335000E-05                            0.822725E-04
                            0.335500E-05                            0.805227E-04
                            0.336000E-05                            0.788083E-04
                            0.336500E-05                            0.771286E-04
                            0.337000E-05                            0.754830E-04
                            0.337500E-05                            0.738707E-04
                            0.338000E-05                            0.722913E-04
                            0.338500E-05                            0.707440E-04
                            0.339000E-05                            0.692282E-04
                            0.339500E-05                            0.677435E-04
                            0.340000E-05                            0.662891E-04
                            0.340500E-05                            0.648644E-04
                            0.341000E-05                            0.634690E-04
                            0.341500E-05                            0.621023E-04
                            0.342000E-05                            0.607637E-04
                            0.342500E-05                            0.594526E-04
                            0.343000E-05                            0.581686E-04
                            0.343500E-05                            0.569111E-04
                            0.344000E-05                            0.556796E-04
                            0.344500E-05                            0.544737E-04
                            0.345000E-05                            0.532927E-04
                            0.345500E-05                            0.521362E-04
                            0.346000E-05                            0.510038E-04
                            0.346500E-05                            0.498950E-04
                            0.347000E-05                            0.488093E-04
                            0.347500E-05                            0.477462E-04
                            0.348000E-05                            0.467054E-04
                            0.348500E-05                            0.456863E-04
                            0.349000E-05                            0.446886E-04
                            0.349500E-05                            0.437119E-04
                            0.350000E-05                            0.427556E-04
                            0.350500E-05                            0.418194E-04
                            0.351000E-05                            0.409030E-04
                            0.351500E-05                            0.400059E-04
                            0.352000E-05                            0.391277E-04
                            0.352500E-05                            0.382680E-04
                            0.353000E-05                            0.374266E-04
                            0.353500E-05                            0.366029E-04
                            0.354000E-05                            0.357967E-04
                            0.354500E-05                            0.350077E-04
                            0.355000E-05                            0.342354E-04
                            0.355500E-05                            0.334795E-04
                            0.356000E-05                            0.327397E-04
                            0.356500E-05                            0.320157E-04
                            0.357000E-05                            0.313072E-04
                            0.357500E-05                            0.306138E-04
                            0.358000E-05                            0.299352E-04
                            0.358500E-05                            0.292712E-04
                            0.359000E-05                            0.286214E-04
                            0.359500E-05                            0.279855E-04
                            0.360000E-05                            0.273633E-04
                            0.360500E-05                            0.267545E-04
                            0.361000E-05                            0.261587E-04
                            0.361500E-05                            0.255758E-04
                            0.362000E-05                            0.250055E-04
                            0.362500E-05                            0.244475E-04
                            0.363000E-05                            0.239016E-04
                            0.363500E-05                            0.233675E-04
                            0.364000E-05                            0.228449E-04
                            0.364500E-05                            0.223336E-04
                            0.365000E-05                            0.218335E-04
                            0.365500E-05                            0.213442E-04
                            0.366000E-05                            0.208656E-04
                            0.366500E-05                            0.203973E-04
                            0.367000E-05                            0.199393E-04
                            0.367500E-05                            0.194912E-04
                            0.368000E-05                            0.190530E-04
                            0.368500E-05                            0.186243E-04
                            0.369000E-05                            0.182049E-04
                            0.369500E-05                            0.177948E-04
                            0.370000E-05                            0.173936E-04
                            0.370500E-05                            0.170012E-04
                            0.371000E-05                            0.166174E-04
                            0.371500E-05                            0.162421E-04
                            0.372000E-05                            0.158749E-04
                            0.372500E-05                            0.155159E-04
                            0.373000E-05                            0.151648E-04
                            0.373500E-05                            0.148214E-04
                            0.374000E-05                            0.144856E-04
                            0.374500E-05                            0.141571E-04
                            0.375000E-05                            0.138360E-04
                            0.375500E-05                            0.135219E-04
                            0.376000E-05                            0.132148E-04
                            0.376500E-05                            0.129145E-04
                            0.377000E-05                            0.126208E-04
                            0.377500E-05                            0.123337E-04
                            0.378000E-05                            0.120529E-04
                            0.378500E-05                            0.117784E-04
                            0.379000E-05                            0.115099E-04
                            0.379500E-05                            0.112474E-04
                            0.380000E-05                            0.109908E-04
                            0.380500E-05                            0.107399E-04
                            0.381000E-05                            0.104946E-04
                            0.381500E-05                            0.102548E-04
                            0.382000E-05                            0.100203E-04
                            0.382500E-05                            0.979101E-05
                            0.383000E-05                            0.956689E-05
                            0.383500E-05                            0.934778E-05
                            0.384000E-05                            0.913357E-05
                            0.384500E-05                            0.892417E-05
                            0.385000E-05                            0.871946E-05
                            0.385500E-05                            0.851934E-05
                            0.386000E-05                            0.832372E-05
                            0.386500E-05                            0.813250E-05
                            0.387000E-05                            0.794557E-05
                            0.387500E-05                            0.776285E-05
                            0.388000E-05                            0.758424E-05
                            0.388500E-05                            0.740966E-05
                            0.389000E-05                            0.723901E-05
                            0.389500E-05                            0.707222E-05
                            0.390000E-05                            0.690918E-05
                            0.390500E-05                            0.674984E-05
                            0.391000E-05                            0.659409E-05
                            0.391500E-05                            0.644186E-05
                            0.392000E-05                            0.629309E-05
                            0.392500E-05                            0.614768E-05
                            0.393000E-05                            0.600556E-05
                            0.393500E-05                            0.586667E-05
                            0.394000E-05                            0.573093E-05
                            0.394500E-05                            0.559827E-05
                            0.395000E-05                            0.546862E-05
                            0.395500E-05                            0.534193E-05
                            0.396000E-05                            0.521811E-05
                            0.396500E-05                            0.509711E-05
                            0.397000E-05                            0.497887E-05
                            0.397500E-05                            0.486331E-05
                            0.398000E-05                            0.475040E-05
                            0.398500E-05                            0.464006E-05
                            0.399000E-05                            0.453224E-05
                            0.399500E-05                            0.442688E-05
                            0.400000E-05                            0.432392E-05
                            0.400500E-05                            0.422332E-05
                            0.401000E-05                            0.412503E-05
                            0.401500E-05                            0.402898E-05
                            0.402000E-05                            0.393513E-05
                            0.402500E-05                            0.384343E-05
                            0.403000E-05                            0.375383E-05
                            0.403500E-05                            0.366629E-05
                            0.404000E-05                            0.358076E-05
                            0.404500E-05                            0.349719E-05
                            0.405000E-05                            0.341554E-05
                            0.405500E-05                            0.333576E-05
                            0.406000E-05                            0.325782E-05
                            0.406500E-05                            0.318168E-05
                            0.407000E-05                            0.310728E-05
                            0.407500E-05                            0.303460E-05
                            0.408000E-05                            0.296360E-05
                            0.408500E-05                            0.289423E-05
                            0.409000E-05                            0.282646E-05
                            0.409500E-05                            0.276025E-05
                            0.410000E-05                            0.269558E-05
                            0.410500E-05                            0.263239E-05
                            0.411000E-05                            0.257067E-05
                            0.411500E-05                            0.251037E-05
                            0.412000E-05                            0.245147E-05
                            0.412500E-05                            0.239393E-05
                            0.413000E-05                            0.233772E-05
                            0.413500E-05                            0.228282E-05
                            0.414000E-05                            0.222919E-05
                            0.414500E-05                            0.217680E-05
                            0.415000E-05                            0.212562E-05
                            0.415500E-05                            0.207563E-05
                            0.416000E-05                            0.202680E-05
                            0.416500E-05                            0.197911E-05
                            0.417000E-05                            0.193252E-05
                            0.417500E-05                            0.188702E-05
                            0.418000E-05                            0.184258E-05
                            0.418500E-05                            0.179916E-05
                            0.419000E-05                            0.175676E-05
                            0.419500E-05                            0.171535E-05
                            0.420000E-05                            0.167490E-05
                            0.420500E-05                            0.163539E-05
                            0.421000E-05                            0.159680E-05
                            0.421500E-05                            0.155912E-05
                            0.422000E-05                            0.152231E-05
                            0.422500E-05                            0.148636E-05
                            0.423000E-05                            0.145125E-05
                            0.423500E-05                            0.141696E-05
                            0.424000E-05                            0.138347E-05
                            0.424500E-05                            0.135076E-05
                            0.425000E-05                            0.131882E-05
                            0.425500E-05                            0.128763E-05
                            0.426000E-05                            0.125716E-05
                            0.426500E-05                            0.122741E-05
                            0.427000E-05                            0.119836E-05
                            0.427500E-05                            0.116998E-05
                            0.428000E-05                            0.114227E-05
                            0.428500E-05                            0.111521E-05
                            0.429000E-05                            0.108879E-05
                            0.429500E-05                            0.106298E-05
                            0.430000E-05                            0.103778E-05
                            0.430500E-05                            0.101317E-05
                            0.431000E-05                            0.989137E-06
                            0.431500E-05                            0.965670E-06
                            0.432000E-05                            0.942755E-06
                            0.432500E-05                            0.920377E-06
                            0.433000E-05                            0.898526E-06
                            0.433500E-05                            0.877189E-06
                            0.434000E-05                            0.856354E-06
                            0.434500E-05                            0.836009E-06
                            0.435000E-05                            0.816143E-06
                            0.435500E-05                            0.796745E-06
                            0.436000E-05                            0.777803E-06
                            0.436500E-05                            0.759308E-06
                            0.437000E-05                            0.741249E-06
                            0.437500E-05                            0.723616E-06
                            0.438000E-05                            0.706398E-06
                            0.438500E-05                            0.689587E-06
                            0.439000E-05                            0.673172E-06
                            0.439500E-05                            0.657145E-06
                            0.440000E-05                            0.641496E-06
                            0.440500E-05                            0.626217E-06
                            0.441000E-05                            0.611299E-06
                            0.441500E-05                            0.596733E-06
                            0.442000E-05                            0.582512E-06
                            0.442500E-05                            0.568626E-06
                            0.443000E-05                            0.555070E-06
                            0.443500E-05                            0.541833E-06
                            0.444000E-05                            0.528911E-06
                            0.444500E-05                            0.516294E-06
                            0.445000E-05                            0.503975E-06
                            0.445500E-05                            0.491949E-06
                            0.446000E-05                            0.480207E-06
                            0.446500E-05                            0.468744E-06
                            0.447000E-05                            0.457552E-06
                            0.447500E-05                            0.446626E-06
                            0.448000E-05                            0.435958E-06
                            0.448500E-05                            0.425544E-06
                            0.449000E-05                            0.415377E-06
                            0.449500E-05                            0.405451E-06
                            0.450000E-05                            0.395760E-06
                            0.450500E-05                            0.386300E-06
                            0.451000E-05                            0.377064E-06
                            0.451500E-05                            0.368048E-06
                            0.452000E-05                            0.359246E-06
                            0.452500E-05                            0.350653E-06
                            0.453000E-05                            0.342264E-06
                            0.453500E-05                            0.334075E-06
                            0.454000E-05                            0.326081E-06
                            0.454500E-05                            0.318276E-06
                            0.455000E-05                            0.310658E-06
                            0.455500E-05                            0.303220E-06
                            0.456000E-05                            0.295960E-06
                            0.456500E-05                            0.288872E-06
                            0.457000E-05                            0.281954E-06
                            0.457500E-05                            0.275200E-06
                            0.458000E-05                            0.268607E-06
                            0.458500E-05                            0.262171E-06
                            0.459000E-05                            0.255888E-06
                            0.459500E-05                            0.249755E-06
                            0.460000E-05                            0.243768E-06
                            0.460500E-05                            0.237924E-06
                            0.461000E-05                            0.232220E-06
                            0.461500E-05                            0.226651E-06
                            0.462000E-05                            0.221216E-06
                            0.462500E-05                            0.215910E-06
                            0.463000E-05                            0.210730E-06
                            0.463500E-05                            0.205675E-06
                            0.464000E-05                            0.200740E-06
                            0.464500E-05                            0.195923E-06
                            0.465000E-05                            0.191221E-06
                            0.465500E-05                            0.186631E-06
                            0.466000E-05                            0.182151E-06
                            0.466500E-05                            0.177778E-06
                            0.467000E-05                            0.173509E-06
                            0.467500E-05                            0.169343E-06
                            0.468000E-05                            0.165276E-06
                            0.468500E-05                            0.161307E-06
                            0.469000E-05                            0.157432E-06
                            0.469500E-05                            0.153650E-06
                            0.470000E-05                            0.149959E-06
                            0.470500E-05                            0.146356E-06
                            0.471000E-05                            0.142839E-06
                            0.471500E-05                            0.139406E-06
                            0.472000E-05                            0.136055E-06
                            0.472500E-05                            0.132785E-06
                            0.473000E-05                            0.129593E-06
                            0.473500E-05                            0.126478E-06
                            0.474000E-05                            0.123437E-06
                            0.474500E-05                            0.120469E-06
                            0.475000E-05                            0.117572E-06
                            0.475500E-05                            0.114744E-06
                            0.476000E-05                            0.111984E-06
                            0.476500E-05                            0.109291E-06
                            0.477000E-05                            0.106662E-06
                            0.477500E-05                            0.104096E-06
                            0.478000E-05                            0.101592E-06
                            0.478500E-05                            0.991472E-07
                            0.479000E-05                            0.967614E-07
                            0.479500E-05                            0.944330E-07
                            0.480000E-05                            0.921603E-07
                            0.480500E-05                            0.899423E-07
                            0.481000E-05                            0.877774E-07
                            0.481500E-05                            0.856645E-07
                            0.482000E-05                            0.836023E-07
                            0.482500E-05                            0.815897E-07
                            0.483000E-05                            0.796253E-07
                            0.483500E-05                            0.777082E-07
                            0.484000E-05                            0.758371E-07
                            0.484500E-05                            0.740109E-07
                            0.485000E-05                            0.722286E-07
                            0.485500E-05                            0.704891E-07
                            0.486000E-05                            0.687914E-07
                            0.486500E-05                            0.671345E-07
                            0.487000E-05                            0.655174E-07
                            0.487500E-05                            0.639392E-07
                            0.488000E-05                            0.623990E-07
                            0.488500E-05                            0.608957E-07
                            0.489000E-05                            0.594286E-07
                            0.489500E-05                            0.579968E-07
                            0.490000E-05                            0.565994E-07
                            0.490500E-05                            0.552356E-07
                            0.491000E-05                            0.539046E-07
                            0.491500E-05                            0.526056E-07
                            0.492000E-05                            0.513379E-07
                            0.492500E-05                            0.501007E-07
                            0.493000E-05                            0.488932E-07
                            0.493500E-05                            0.477148E-07
                            0.494000E-05                            0.465647E-07
                            0.494500E-05                            0.454424E-07
                            0.495000E-05                            0.443470E-07
                            0.495500E-05                            0.432780E-07
                            0.496000E-05                            0.422348E-07
                            0.496500E-05                            0.412166E-07
                            0.497000E-05                            0.402230E-07
                            0.497500E-05                            0.392533E-07
                            0.498000E-05                            0.383069E-07
                            0.498500E-05                            0.373834E-07
                            0.499000E-05                            0.364820E-07
                            0.499500E-05                            0.356024E-07
                            0.500000E-05                            0.347440E-07
                            0.500500E-05                            0.339062E-07
                            0.501000E-05                            0.330887E-07
                            0.501500E-05                            0.322908E-07
                            0.502000E-05                            0.315122E-07
                            0.502500E-05                            0.307523E-07
                            0.503000E-05                            0.300107E-07
                            0.503500E-05                            0.292870E-07
                            0.504000E-05                            0.285807E-07
