 #Time, [s], Average Radius [nm], Total precipitate density [/micron^3], Volume fraction [], Critical radius [nm], Nucleation rate [/micron^3/s]Concentration in the matrix [at %]
                                0.000000                             1997.496240                            0.331992E-02                            0.125000E+00                            0.502000E+04                            0.000000E+00                            0.674857E-01                            0.000000E+00
                                0.001000                             1997.495923                            0.331992E-02                            0.125000E+00                            0.502000E+04                            0.000000E+00                            0.674857E-01                            0.000000E+00
                                5.002862                             5030.925574                            0.252567E+14                            0.134713E+17                            0.502000E+04                            0.000000E+00                            0.250000E+00                           -0.000000E+00
                               10.017194                             5033.179917                            0.522023E+14                            0.278809E+17                            0.502000E+04                            0.000000E+00                            0.250000E+00                           -0.000000E+00
                               15.007066                             5034.440880                            0.790165E+14                            0.422339E+17                            0.502000E+04                            0.000000E+00                            0.250000E+00                           -0.000000E+00
                               20.021397                             5035.180040                            0.105962E+15                            0.566611E+17                            0.502000E+04                            0.000000E+00                            0.250000E+00                           -0.000000E+00
                               25.011269                             5035.641181                            0.132776E+15                            0.710189E+17                            0.502000E+04                            0.000000E+00                            0.250000E+00                           -0.000000E+00
                               30.001141                             5035.952069                            0.159590E+15                            0.853769E+17                            0.502000E+04                            0.000000E+00                            0.250000E+00                           -0.000000E+00
                               35.015473                             5036.175393                            0.186536E+15                            0.998054E+17                            0.502000E+04                            0.000000E+00                            0.250000E+00                           -0.000000E+00
                               40.005345                             5036.341818                            0.213350E+15                            0.114164E+18                            0.502000E+04                            0.000000E+00                            0.250000E+00                           -0.000000E+00
                               45.019677                             5036.471680                            0.240296E+15                            0.128592E+18                            0.502000E+04                            0.000000E+00                            0.250000E+00                           -0.000000E+00
                               50.009548                             5036.574907                            0.267110E+15                            0.142950E+18                            0.502000E+04                            0.000000E+00                            0.250000E+00                           -0.000000E+00
                               54.999420                             5036.659301                            0.293924E+15                            0.157308E+18                            0.502000E+04                            0.000000E+00                            0.250000E+00                           -0.000000E+00
                               60.013752                             5036.729900                            0.320870E+15                            0.171737E+18                            0.502000E+04                            0.000000E+00                            0.250000E+00                           -0.000000E+00
                               65.003624                             5036.789292                            0.347684E+15                            0.186095E+18                            0.502000E+04                            0.000000E+00                            0.250000E+00                           -0.000000E+00
                               70.017956                             5036.840411                            0.374629E+15                            0.200524E+18                            0.502000E+04                            0.000000E+00                            0.250000E+00                           -0.000000E+00
                               75.007828                             5036.884467                            0.401444E+15                            0.214882E+18                            0.502000E+04                            0.000000E+00                            0.250000E+00                           -0.000000E+00
                               80.022159                             5036.923184                            0.428389E+15                            0.229310E+18                            0.502000E+04                            0.000000E+00                            0.250000E+00                           -0.000000E+00
                               85.012031                             5036.957162                            0.455203E+15                            0.243668E+18                            0.502000E+04                            0.000000E+00                            0.250000E+00                           -0.000000E+00
                               90.001903                             5036.987360                            0.482017E+15                            0.258026E+18                            0.502000E+04                            0.000000E+00                            0.250000E+00                           -0.000000E+00
                               95.016235                             5037.014500                            0.508963E+15                            0.272455E+18                            0.502000E+04                            0.000000E+00                            0.250000E+00                           -0.000000E+00
                              100.006107                             5037.038798                            0.535777E+15                            0.286813E+18                            0.502000E+04                            0.000000E+00                            0.250000E+00                           -0.000000E+00
                              105.020439                             5037.060882                            0.562723E+15                            0.301242E+18                            0.502000E+04                            0.000000E+00                            0.250000E+00                           -0.000000E+00
                              110.010310                             5037.080855                            0.589537E+15                            0.315600E+18                            0.502000E+04                            0.000000E+00                            0.250000E+00                           -0.000000E+00
                              115.000182                             5037.099090                            0.616351E+15                            0.329958E+18                            0.502000E+04                            0.000000E+00                            0.250000E+00                           -0.000000E+00
                              120.014514                             5037.115882                            0.643297E+15                            0.344386E+18                            0.502000E+04                            0.000000E+00                            0.250000E+00                           -0.000000E+00
                              125.004386                             5037.131253                            0.670111E+15                            0.358744E+18                            0.502000E+04                            0.000000E+00                            0.250000E+00                           -0.000000E+00
                              130.018718                             5037.145507                            0.697056E+15                            0.373173E+18                            0.502000E+04                            0.000000E+00                            0.250000E+00                           -0.000000E+00
                              135.008590                             5037.158638                            0.723871E+15                            0.387531E+18                            0.502000E+04                            0.000000E+00                            0.250000E+00                           -0.000000E+00
                              140.022921                             5037.170889                            0.750816E+15                            0.401960E+18                            0.502000E+04                            0.000000E+00                            0.250000E+00                           -0.000000E+00
                              145.012793                             5037.182238                            0.777630E+15                            0.416318E+18                            0.502000E+04                            0.000000E+00                            0.250000E+00                           -0.000000E+00
                              150.002665                             5037.192830                            0.804445E+15                            0.430676E+18                            0.502000E+04                            0.000000E+00                            0.250000E+00                           -0.000000E+00
                              155.016997                             5037.202785                            0.831390E+15                            0.445104E+18                            0.502000E+04                            0.000000E+00                            0.250000E+00                           -0.000000E+00
                              160.006869                             5037.212071                            0.858204E+15                            0.459463E+18                            0.502000E+04                            0.000000E+00                            0.250000E+00                           -0.000000E+00
                              165.021201                             5037.220836                            0.885150E+15                            0.473891E+18                            0.502000E+04                            0.000000E+00                            0.250000E+00                           -0.000000E+00
                              170.011072                             5037.229045                            0.911964E+15                            0.488249E+18                            0.502000E+04                            0.000000E+00                            0.250000E+00                           -0.000000E+00
                              175.000944                             5037.236784                            0.938778E+15                            0.502607E+18                            0.502000E+04                            0.000000E+00                            0.250000E+00                           -0.000000E+00
                              180.015276                             5037.244128                            0.965724E+15                            0.517036E+18                            0.502000E+04                            0.000000E+00                            0.250000E+00                           -0.000000E+00
                              185.005148                             5037.251041                            0.992538E+15                            0.531394E+18                            0.502000E+04                            0.000000E+00                            0.250000E+00                           -0.000000E+00
