                   0.399001169780411E+00
                   0.000000000000000E+00
                   0.000000000000000E+00
                   0.906209255573055E+36
                   0.428918789379763E+30
                   0.223806837716970E+31
                   0.529143904431541E+31
                   0.103168009991803E+32
                   0.000000000000000E+00
                   0.000000000000000E+00
                   0.000000000000000E+00
                   0.000000000000000E+00
                   0.000000000000000E+00
                   0.000000000000000E+00
                   0.000000000000000E+00
                   0.000000000000000E+00
                   0.000000000000000E+00
                   0.000000000000000E+00
                   0.000000000000000E+00
                   0.000000000000000E+00
                   0.000000000000000E+00
                   0.000000000000000E+00
                   0.000000000000000E+00
                   0.000000000000000E+00
                   0.000000000000000E+00
                   0.000000000000000E+00
                   0.000000000000000E+00
                   0.000000000000000E+00
                   0.000000000000000E+00
                   0.000000000000000E+00
                   0.000000000000000E+00
                   0.000000000000000E+00
                   0.000000000000000E+00
                   0.000000000000000E+00
                   0.000000000000000E+00
                   0.118698437483941E-43
                   0.974486166061762E-38
                   0.416103114970628E-32
                   0.925155755055298E-27
                   0.107196371790999E-21
                   0.647682937684661E-17
                   0.204153282374467E-12
                   0.335817859758512E-08
                   0.288342245183459E-04
                   0.129254382485491E+00
                   0.302530889103437E+03
                   0.369761406014099E+06
                   0.236009729354785E+09
                   0.786712110437185E+11
                   0.136960310240292E+14
                   0.124531085947361E+16
                   0.591388835460404E+17
                   0.146685348731501E+19
                   0.190030375377657E+20
                   0.128583511296786E+21
                   0.454439456076273E+21
                   0.838875104093263E+21
                   0.808818069989438E+21
                   0.407322394071837E+21
                   0.107142392521517E+21
                   0.147207555371600E+20
                   0.000000000000000E+00
