                   0.500000001681540E+01
                   0.000000000000000E+00
****************************************
                   0.143574895721000E+34
                   0.218468975694113E+28
                   0.845609733009340E+28
                   0.209573133577645E+29
                   0.113558155257558E-12
                   0.232352361023117E-12
                   0.469387862550908E-12
                   0.966565397732815E-12
                   0.211082872120062E-11
                   0.544204261479027E-11
                   0.665927449529904E+01
                   0.229453330088354E+03
                   0.903927633260266E+05
                   0.572076453816145E+08
                   0.114817838997312E+11
                   0.540125587584316E+12
                   0.681511121901618E+13
                   0.282093625158121E+14
                   0.451101568029141E+14
                   0.313174236698332E+14
                   0.125820963838687E+14
                   0.000000000000000E+00
