 # Time [s], c_{ex}/c_{th}, total number of produced vacancies/c_{th}, total number of annihilated vacancies /c_{th}
                            0.000000E+00                                     NaN                                     NaN                                     NaN
                            0.100000E-02                            0.000000E+00                            0.000000E+00                            0.000000E+00
                            0.113765E+01                            0.000000E+00                            0.000000E+00                            0.000000E+00
                            0.209171E+01                            0.000000E+00                            0.000000E+00                            0.000000E+00
                            0.326594E+01                            0.000000E+00                            0.000000E+00                            0.000000E+00
                            0.433234E+01                            0.000000E+00                            0.000000E+00                            0.000000E+00
                            0.515141E+01                            0.000000E+00                            0.000000E+00                            0.000000E+00
                            0.607129E+01                            0.000000E+00                            0.000000E+00                            0.000000E+00
                            0.710578E+01                            0.000000E+00                            0.000000E+00                            0.000000E+00
                            0.827006E+01                            0.000000E+00                            0.000000E+00                            0.000000E+00
                            0.958067E+01                            0.000000E+00                            0.000000E+00                            0.000000E+00
                            0.102964E+02                            0.000000E+00                            0.000000E+00                            0.000000E+00
                            0.110555E+02                            0.000000E+00                            0.000000E+00                            0.000000E+00
                            0.127134E+02                            0.000000E+00                            0.000000E+00                            0.000000E+00
                            0.136173E+02                            0.000000E+00                            0.000000E+00                            0.000000E+00
                            0.145745E+02                            0.000000E+00                            0.000000E+00                            0.000000E+00
                            0.155745E+02                            0.000000E+00                            0.000000E+00                            0.000000E+00
                            0.165745E+02                            0.000000E+00                            0.000000E+00                            0.000000E+00
                            0.175745E+02                            0.000000E+00                            0.000000E+00                            0.000000E+00
                            0.185745E+02                            0.000000E+00                            0.000000E+00                            0.000000E+00
                            0.195745E+02                            0.000000E+00                            0.000000E+00                            0.000000E+00
                            0.205745E+02                            0.000000E+00                            0.000000E+00                            0.000000E+00
                            0.215745E+02                            0.000000E+00                            0.000000E+00                            0.000000E+00
                            0.225745E+02                            0.000000E+00                            0.000000E+00                            0.000000E+00
                            0.235745E+02                            0.000000E+00                            0.000000E+00                            0.000000E+00
                            0.245745E+02                            0.000000E+00                            0.000000E+00                            0.000000E+00
                            0.255745E+02                            0.000000E+00                            0.000000E+00                            0.000000E+00
                            0.265745E+02                            0.000000E+00                            0.000000E+00                            0.000000E+00
                            0.275745E+02                            0.000000E+00                            0.000000E+00                            0.000000E+00
                            0.285745E+02                            0.000000E+00                            0.000000E+00                            0.000000E+00
                            0.295745E+02                            0.000000E+00                            0.000000E+00                            0.000000E+00
                            0.305745E+02                            0.000000E+00                            0.000000E+00                            0.000000E+00
