 # Time [s], c_{ex}/c_{th}, total number of produced vacancies/c_{th}, total number of annihilated vacancies /c_{th}
                            0.000000E+00                                     NaN                                Infinity                                     NaN
                            0.100000E-02                            0.000000E+00                            0.000000E+00                            0.000000E+00
                            0.500286E+01                            0.000000E+00                            0.000000E+00                            0.000000E+00
                            0.100172E+02                            0.000000E+00                            0.000000E+00                            0.000000E+00
                            0.150071E+02                            0.000000E+00                            0.000000E+00                            0.000000E+00
                            0.200214E+02                            0.000000E+00                            0.000000E+00                            0.000000E+00
                            0.250113E+02                            0.000000E+00                            0.000000E+00                            0.000000E+00
                            0.300011E+02                            0.000000E+00                            0.000000E+00                            0.000000E+00
                            0.350155E+02                            0.000000E+00                            0.000000E+00                            0.000000E+00
                            0.400053E+02                            0.000000E+00                            0.000000E+00                            0.000000E+00
                            0.450197E+02                            0.000000E+00                            0.000000E+00                            0.000000E+00
                            0.500095E+02                            0.000000E+00                            0.000000E+00                            0.000000E+00
                            0.549994E+02                            0.000000E+00                            0.000000E+00                            0.000000E+00
                            0.600138E+02                            0.000000E+00                            0.000000E+00                            0.000000E+00
                            0.650036E+02                            0.000000E+00                            0.000000E+00                            0.000000E+00
                            0.700180E+02                            0.000000E+00                            0.000000E+00                            0.000000E+00
                            0.750078E+02                            0.000000E+00                            0.000000E+00                            0.000000E+00
                            0.800222E+02                            0.000000E+00                            0.000000E+00                            0.000000E+00
                            0.850120E+02                            0.000000E+00                            0.000000E+00                            0.000000E+00
                            0.900019E+02                            0.000000E+00                            0.000000E+00                            0.000000E+00
                            0.950162E+02                            0.000000E+00                            0.000000E+00                            0.000000E+00
                            0.100006E+03                            0.000000E+00                            0.000000E+00                            0.000000E+00
                            0.105020E+03                            0.000000E+00                            0.000000E+00                            0.000000E+00
                            0.110010E+03                            0.000000E+00                            0.000000E+00                            0.000000E+00
                            0.115000E+03                            0.000000E+00                            0.000000E+00                            0.000000E+00
                            0.120015E+03                            0.000000E+00                            0.000000E+00                            0.000000E+00
                            0.125004E+03                            0.000000E+00                            0.000000E+00                            0.000000E+00
                            0.130019E+03                            0.000000E+00                            0.000000E+00                            0.000000E+00
                            0.135009E+03                            0.000000E+00                            0.000000E+00                            0.000000E+00
                            0.140023E+03                            0.000000E+00                            0.000000E+00                            0.000000E+00
                            0.145013E+03                            0.000000E+00                            0.000000E+00                            0.000000E+00
                            0.150003E+03                            0.000000E+00                            0.000000E+00                            0.000000E+00
                            0.155017E+03                            0.000000E+00                            0.000000E+00                            0.000000E+00
                            0.160007E+03                            0.000000E+00                            0.000000E+00                            0.000000E+00
                            0.165021E+03                            0.000000E+00                            0.000000E+00                            0.000000E+00
                            0.170011E+03                            0.000000E+00                            0.000000E+00                            0.000000E+00
                            0.175001E+03                            0.000000E+00                            0.000000E+00                            0.000000E+00
                            0.180015E+03                            0.000000E+00                            0.000000E+00                            0.000000E+00
                            0.185005E+03                            0.000000E+00                            0.000000E+00                            0.000000E+00
