                   0.594501000000047E+03
                   0.000000000000000E+00
                   0.331866201284854E+32
                   0.373339477467514E+32
                   0.418393342851078E+32
                   0.467152255135825E+32
                   0.519984515596323E+32
                   0.576894818946552E+32
                   0.638124118669992E+32
                   0.703835336919322E+32
                   0.773963415048083E+32
                   0.848685550627412E+32
                   0.928069129493317E+32
                   0.101196338391406E+33
                   0.110014892810099E+33
                   0.119234827249591E+33
                   0.128824485986579E+33
                   0.138751195302669E+33
                   0.148914126295390E+33
                   0.159264163218524E+33
                   0.169669954119505E+33
                   0.179972448185725E+33
                   0.190101834447592E+33
                   0.199882961598833E+33
                   0.209103302330839E+33
                   0.217548746463469E+33
                   0.225018896386651E+33
                   0.231247020146365E+33
                   0.236068123504721E+33
                   0.239179323953213E+33
                   0.240470511871385E+33
                   0.239692255570646E+33
                   0.236773412864981E+33
                   0.231641343300225E+33
                   0.224221042723136E+33
                   0.214678405841611E+33
                   0.203106303111374E+33
                   0.189851043178698E+33
                   0.175081496605234E+33
                   0.159296804487326E+33
                   0.142859766537351E+33
                   0.126242744481312E+33
                   0.109829655693960E+33
                   0.939922162418604E+32
                   0.791743764073506E+32
                   0.656007024074533E+32
                   0.534418149600410E+32
                   0.427778849501530E+32
                   0.336436268628761E+32
                   0.260195151950312E+32
                   0.197500862028873E+32
                   0.147386031830031E+32
                   0.108004319854297E+32
                   0.778436975423208E+31
                   0.550573107857561E+31
                   0.383141590645662E+31
                   0.261781995487144E+31
                   0.175609425886699E+31
                   0.115080393653138E+31
                   0.747593793661852E+30
                   0.480587455682426E+30
                   0.304515353583963E+30
                   0.190399316021303E+30
                   0.117132647334281E+30
                   0.710704528839621E+29
                   0.424182843655507E+29
                   0.249401162612572E+29
                   0.144415592769716E+29
                   0.823229194128390E+28
                   0.462156074364328E+28
                   0.255611941171839E+28
                   0.139199360416336E+28
                   0.746571154559056E+27
                   0.394426207908040E+27
                   0.205225046822898E+27
                   0.105214134461489E+27
                   0.531299887942283E+26
                   0.264370494529707E+26
                   0.129586619889763E+26
                   0.625879870031073E+25
                   0.297901213156058E+25
                   0.139766580610132E+25
                   0.646067436440718E+24
                   0.294400385418762E+24
                   0.132253786405363E+24
                   0.585748201992743E+23
                   0.255733430339785E+23
                   0.110102000715034E+23
                   0.467380839015506E+22
                   0.195637574816290E+22
                   0.807549036211432E+21
                   0.328716874107168E+21
                   0.131975607713578E+21
                   0.522582180293833E+20
                   0.204111844872958E+20
                   0.786325268624022E+19
                   0.298812841949361E+19
                   0.112017007369623E+19
                   0.414258210204629E+18
                   0.151137507334477E+18
                   0.650934744236917E+17
                   0.000000000000000E+00
