                   0.200003038064265E+03
                   0.000000000000000E+00
****************************************
                   0.331445068721628E+37
                   0.513436645201758E+37
                   0.660772494574749E+37
                   0.807938573650337E+37
                   0.954809146764870E+37
                   0.110170117760736E+38
                   0.124859274532949E+38
                   0.139548431762380E+38
                   0.154237589098809E+38
                   0.168926746524576E+38
                   0.183615904017581E+38
                   0.198305061562866E+38
                   0.212994219149594E+38
                   0.227683376769732E+38
                   0.242372534417194E+38
                   0.257061692087291E+38
                   0.271750849776345E+38
                   0.286440007481438E+38
                   0.301129165200218E+38
                   0.315818322930774E+38
                   0.330507480671534E+38
                   0.345196638421193E+38
                   0.359885796178661E+38
                   0.374574953943018E+38
                   0.389264111713483E+38
                   0.403953269489390E+38
                   0.418642427270166E+38
                   0.433331585055314E+38
                   0.448020742844404E+38
                   0.462709900637060E+38
                   0.477399058432954E+38
                   0.492088216231794E+38
                   0.506777374033326E+38
                   0.521466531837320E+38
                   0.536155689643574E+38
                   0.550844847451908E+38
                   0.565534005262159E+38
                   0.580223163074182E+38
                   0.594912320887845E+38
                   0.609601478703030E+38
                   0.624290636519629E+38
                   0.638979794337544E+38
                   0.653668952156688E+38
                   0.668358109976978E+38
                   0.683047267798342E+38
                   0.697736425620710E+38
                   0.712425583444021E+38
                   0.727114741268218E+38
                   0.741803899093248E+38
                   0.756493056919062E+38
                   0.771182214745617E+38
                   0.785871372572869E+38
                   0.800560530400782E+38
                   0.815249688229318E+38
                   0.829938846058446E+38
                   0.844628003888133E+38
                   0.859317161718352E+38
                   0.874006319549076E+38
                   0.888695477380280E+38
                   0.903384635211940E+38
                   0.918073793044034E+38
                   0.932762950876543E+38
                   0.947452108709446E+38
                   0.962141266542725E+38
                   0.976830424376364E+38
                   0.991519582210347E+38
                   0.100620874004466E+39
                   0.102089789787929E+39
                   0.103558705571421E+39
                   0.105027621354943E+39
                   0.106496537138492E+39
                   0.107965452922068E+39
                   0.109434368705669E+39
                   0.110903284489295E+39
                   0.112372200272944E+39
                   0.113841116056616E+39
                   0.115310031840310E+39
                   0.116778947624025E+39
                   0.118247863407760E+39
                   0.119716779191514E+39
                   0.121185694975287E+39
                   0.122654610759078E+39
                   0.124123526542886E+39
                   0.125592442326712E+39
                   0.127061358110553E+39
                   0.128530273894410E+39
                   0.129999189678283E+39
                   0.131468105462170E+39
                   0.132937021246072E+39
                   0.134405937029987E+39
                   0.135874852813915E+39
                   0.137343768597857E+39
                   0.138812684381811E+39
                   0.140281600165777E+39
                   0.141750515949755E+39
                   0.143219431733745E+39
                   0.144688347517745E+39
                   0.146157263301757E+39
                   0.147626179085779E+39
                   0.149095094869811E+39
                   0.150564010653853E+39
                   0.152032926437905E+39
                   0.153501842221967E+39
                   0.154970758006038E+39
                   0.156439673790117E+39
                   0.157908589574206E+39
                   0.159377505358304E+39
                   0.160846421142410E+39
                   0.162315336926523E+39
                   0.163784252710644E+39
                   0.165253168494768E+39
                   0.166722084278882E+39
                   0.168191000062947E+39
                   0.169659915846843E+39
                   0.171128831630204E+39
                   0.172597747411978E+39
                   0.174066663189207E+39
                   0.175535578953847E+39
                   0.177004494684710E+39
                   0.178473410327676E+39
                   0.179942325748707E+39
                   0.181411240625749E+39
                   0.182880154207920E+39
                   0.184349064795787E+39
                   0.185817968654682E+39
                   0.187286857813141E+39
                   0.188755715741086E+39
                   0.190224509128954E+39
                   0.191693172736297E+39
                   0.193161582338705E+39
                   0.194629507941881E+39
                   0.196096535436868E+39
                   0.197561939628243E+39
                   0.199024485193110E+39
                   0.200482125130777E+39
                   0.201931559719490E+39
                   0.203367614700710E+39
                   0.204782397907055E+39
                   0.206164201972119E+39
                   0.207496140397499E+39
                   0.208754537791356E+39
                   0.209907143587583E+39
                   0.210911300272184E+39
                   0.211712266565536E+39
                   0.212241963354170E+39
                   0.212418461809043E+39
                   0.212146553185928E+39
                   0.211319712914055E+39
                   0.209823686550711E+39
                   0.207541778847684E+39
                   0.204361727498984E+39
                   0.200183810525773E+39
                   0.194929602310545E+39
                   0.188550596713103E+39
                   0.181035795709582E+39
                   0.172417350485007E+39
                   0.162773455955214E+39
                   0.152227936270471E+39
                   0.140946293250313E+39
                   0.129128378360063E+39
                   0.116998236321389E+39
                   0.104791997182049E+39
                   0.927449144638510E+38
                   0.810787280337476E+38
                   0.699904626577177E+38
                   0.596435717010643E+38
                   0.501620352288312E+38
                   0.416276708696636E+38
                   0.340805660631782E+38
                   0.275222383100992E+38
                   0.219209100214921E+38
                   0.172181643426033E+38
                   0.133362287285565E+38
                   0.101852003660598E+38
                   0.766965811829070E+37
                   0.569427140189545E+37
                   0.416818988430367E+37
                   0.300815643894292E+37
                   0.214041382161962E+37
                   0.150156518630297E+37
                   0.103859899643491E+37
                   0.708304589593642E+36
                   0.476293357168845E+36
                   0.315811196573561E+36
                   0.206489200585443E+36
                   0.133138633084213E+36
                   0.846582875746190E+35
                   0.530904733199337E+35
                   0.328374752914584E+35
                   0.200333848047802E+35
                   0.120558157664135E+35
                   0.715687841533968E+34
                   0.419143939899316E+34
                   0.242182960347081E+34
                   0.138068188630743E+34
                   0.776680749740309E+33
                   0.431141551451611E+33
                   0.505765912132143E+33
                   0.000000000000000E+00
