                   0.616512968265421E+04
                   0.000000000000000E+00
                   0.167944494989868E+20
                   0.191450348270894E+20
                   0.215018023155028E+20
                   0.238636218716569E+20
                   0.262297622116082E+20
                   0.285997487352096E+20
                   0.309732780720992E+20
                   0.333501645705686E+20
                   0.357303056099912E+20
                   0.381136584347405E+20
                   0.405002242751490E+20
                   0.428900372111158E+20
                   0.452831562011769E+20
                   0.476796592721593E+20
                   0.500796392133341E+20
                   0.524832003372213E+20
                   0.548904560090257E+20
                   0.573015267381861E+20
                   0.597165386865907E+20
                   0.621356224894755E+20
                   0.645589123136501E+20
                   0.669865450977475E+20
                   0.694186599334335E+20
                   0.718553975567573E+20
                   0.742968999262770E+20
                   0.767433098700814E+20
                   0.791947707879045E+20
                   0.816514263975907E+20
                   0.841134205174844E+20
                   0.865808968780890E+20
                   0.890539989577004E+20
                   0.915328698377770E+20
                   0.940176520746335E+20
                   0.965084875846935E+20
                   0.990055175410490E+20
                   0.101508882279485E+21
                   0.104018721212452E+21
                   0.106535172749732E+21
                   0.109058374224764E+21
                   0.111588461825751E+21
                   0.114125570530838E+21
                   0.116669834046736E+21
                   0.119221384750294E+21
                   0.121780353632573E+21
                   0.124346870245057E+21
                   0.126921062647693E+21
                   0.129503057358486E+21
                   0.132092979304424E+21
                   0.134690951773536E+21
                   0.137297096367920E+21
                   0.139911532957586E+21
                   0.142534379634998E+21
                   0.145165752670211E+21
                   0.147805766466499E+21
                   0.150454533516403E+21
                   0.153112164358129E+21
                   0.155778767532236E+21
                   0.158454449538560E+21
                   0.161139314793339E+21
                   0.163833465586490E+21
                   0.166537002039015E+21
                   0.169250022060507E+21
                   0.171972621306733E+21
                   0.174704893137271E+21
                   0.177446928573196E+21
                   0.180198816254792E+21
                   0.182960642399290E+21
                   0.185732490758613E+21
                   0.188514442577136E+21
                   0.191306576549456E+21
                   0.194108968778158E+21
                   0.196921692731597E+21
                   0.199744819201687E+21
                   0.202578416261700E+21
                   0.205422549224088E+21
                   0.208277280598324E+21
                   0.211142670048784E+21
                   0.214018774352658E+21
                   0.216905647357923E+21
                   0.219803339941367E+21
                   0.222711899966695E+21
                   0.225631372242708E+21
                   0.228561798481593E+21
                   0.231503217257307E+21
                   0.234455663964107E+21
                   0.237419170775201E+21
                   0.240393766601568E+21
                   0.243379477050950E+21
                   0.246376324387025E+21
                   0.249384327488800E+21
                   0.252403501810216E+21
                   0.255433859340008E+21
                   0.258475408561825E+21
                   0.261528154414626E+21
                   0.264592098253389E+21
                   0.267667237810136E+21
                   0.270753567155306E+21
                   0.273851076659488E+21
                   0.276959752955547E+21
                   0.280079578901157E+21
                   0.283210533541763E+21
                   0.286352592074000E+21
                   0.289505725809588E+21
                   0.292669902139726E+21
                   0.295845084500016E+21
                   0.299031232335926E+21
                   0.302228301068835E+21
                   0.305436242062665E+21
                   0.308655002591146E+21
                   0.311884525805713E+21
                   0.315124750704086E+21
                   0.318375612099544E+21
                   0.321637040590912E+21
                   0.324908962533308E+21
                   0.328191300009657E+21
                   0.331483970802997E+21
                   0.334786888369622E+21
                   0.338099961813067E+21
                   0.341423095858967E+21
                   0.344756190830827E+21
                   0.348099142626711E+21
                   0.351451842696889E+21
                   0.354814178022462E+21
                   0.358186031094992E+21
                   0.361567279897168E+21
                   0.364957797884522E+21
                   0.368357453968228E+21
                   0.371766112499017E+21
                   0.375183633252212E+21
                   0.378609871413934E+21
                   0.382044677568478E+21
                   0.385487897686912E+21
                   0.388939373116890E+21
                   0.392398940573737E+21
                   0.395866432132804E+21
                   0.399341675223132E+21
                   0.402824492622438E+21
                   0.406314702453457E+21
                   0.409812118181650E+21
                   0.413316548614308E+21
                   0.416827797901080E+21
                   0.420345665535922E+21
                   0.423869946360522E+21
                   0.427400430569192E+21
                   0.430936903715264E+21
                   0.434479146718999E+21
                   0.438026935877042E+21
                   0.441580042873420E+21
                   0.445138234792121E+21
                   0.448701274131264E+21
                   0.452268918818867E+21
                   0.455840922230242E+21
                   0.459417033207034E+21
                   0.462996996077896E+21
                   0.466580550680845E+21
                   0.470167432387290E+21
                   0.473757372127745E+21
                   0.477350096419260E+21
                   0.480945327394548E+21
                   0.484542782832850E+21
                   0.488142176192518E+21
                   0.491743216645354E+21
                   0.495345609112689E+21
                   0.498949054303214E+21
                   0.502553248752579E+21
                   0.506157884864756E+21
                   0.509762650955169E+21
                   0.513367231295598E+21
                   0.516971306160860E+21
                   0.520574551877265E+21
                   0.524176640872847E+21
                   0.527777241729371E+21
                   0.531376019236119E+21
                   0.534972634445440E+21
                   0.538566744730071E+21
                   0.542158003842225E+21
                   0.545746061974429E+21
                   0.549330565822118E+21
                   0.552911158647968E+21
                   0.556487480347968E+21
                   0.560059167519215E+21
                   0.563625853529413E+21
                   0.567187168588091E+21
                   0.570742739819495E+21
                   0.574292191337158E+21
                   0.577835144320136E+21
                   0.581371217090879E+21
                   0.584900025194730E+21
                   0.588421181481037E+21
                   0.591934296185846E+21
                   0.595438977016170E+21
                   0.598934829235798E+21
                   0.602421455752632E+21
                   0.605898457207526E+21
                   0.609365432064596E+21
                   0.612821976702991E+21
                   0.616267685510077E+21
                   0.619702150976023E+21
                   0.623124963789762E+21
                   0.626535712936275E+21
                   0.629933985795201E+21
                   0.633319368240710E+21
                   0.636691444742630E+21
                   0.640049798468779E+21
                   0.643394011388475E+21
                   0.646723664377193E+21
                   0.650038337322320E+21
                   0.653337609229981E+21
                   0.656621058332903E+21
                   0.659888262199256E+21
                   0.663138797842467E+21
                   0.666372241831926E+21
                   0.669588170404579E+21
                   0.672786159577343E+21
                   0.675965785260311E+21
                   0.679126623370698E+21
                   0.682268249947494E+21
                   0.685390241266763E+21
                   0.688492173957560E+21
                   0.691573625118411E+21
                   0.694634172434306E+21
                   0.697673394294171E+21
                   0.700690869908757E+21
                   0.703686179428910E+21
                   0.706658904064163E+21
                   0.709608626201611E+21
                   0.712534929525009E+21
                   0.715437399134059E+21
                   0.718315621663813E+21
                   0.721169185404167E+21
                   0.723997680419373E+21
                   0.726800698667538E+21
                   0.729577834120035E+21
                   0.732328682880805E+21
                   0.735052843305466E+21
                   0.737749916120204E+21
                   0.740419504540378E+21
                   0.743061214388794E+21
                   0.745674654213593E+21
                   0.748259435405701E+21
                   0.750815172315797E+21
                   0.753341482370730E+21
                   0.755837986189356E+21
                   0.758304307697719E+21
                   0.760740074243546E+21
                   0.763144916709987E+21
                   0.765518469628567E+21
                   0.767860371291282E+21
                   0.770170263861797E+21
                   0.772447793485695E+21
                   0.774692610399729E+21
                   0.776904369040023E+21
                   0.779082728149179E+21
                   0.781227350882226E+21
                   0.783337904911394E+21
                   0.785414062529627E+21
                   0.787455500752820E+21
                   0.789461901420713E+21
                   0.791432951296408E+21
                   0.793368342164457E+21
                   0.795267770927477E+21
                   0.797130939701256E+21
                   0.798957555908297E+21
                   0.800747332369757E+21
                   0.802499987395754E+21
                   0.804215244873980E+21
                   0.805892834356601E+21
                   0.807532491145385E+21
                   0.809133956375037E+21
                   0.810696977094692E+21
                   0.812221306347537E+21
                   0.813706703248518E+21
                   0.815152933060110E+21
                   0.816559767266100E+21
                   0.817926983643367E+21
                   0.819254366331620E+21
                   0.820541705901056E+21
                   0.821788799417924E+21
                   0.822995450507958E+21
                   0.824161469417647E+21
                   0.825286673073329E+21
                   0.826370885138072E+21
                   0.827413936066325E+21
                   0.828415663156312E+21
                   0.829375910600152E+21
                   0.830294529531684E+21
                   0.831171378071971E+21
                   0.832006321372474E+21
                   0.832799231655878E+21
                   0.833549988254545E+21
                   0.834258477646599E+21
                   0.834924593489601E+21
                   0.835548236651839E+21
                   0.836129315241185E+21
                   0.836667744631540E+21
                   0.837163447486838E+21
                   0.837616353782618E+21
                   0.838026400825142E+21
                   0.838393533268074E+21
                   0.838717703126697E+21
                   0.838998869789684E+21
                   0.839237000028404E+21
                   0.839432068003790E+21
                   0.839584055270736E+21
                   0.839692950780057E+21
                   0.839758750878005E+21
                   0.839781459303335E+21
                   0.839761087181952E+21
                   0.839697653019120E+21
                   0.839591182689272E+21
                   0.839441709423397E+21
                   0.839249273794047E+21
                   0.839013923697956E+21
                   0.838735714336298E+21
                   0.838414708192583E+21
                   0.838050975008230E+21
                   0.837644591755808E+21
                   0.837195642609986E+21
                   0.836704218916197E+21
                   0.836170419157041E+21
                   0.835594348916448E+21
                   0.834976120841628E+21
                   0.834315854602820E+21
                   0.833613676850877E+21
                   0.832869721172701E+21
                   0.832084128044569E+21
                   0.831257044783359E+21
                   0.830388625495718E+21
                   0.829479031025195E+21
                   0.828528428897369E+21
                   0.827536993263006E+21
                   0.826504904839273E+21
                   0.825432350849039E+21
                   0.824319524958307E+21
                   0.823166627211794E+21
                   0.821973863966710E+21
                   0.820741447824755E+21
                   0.819469597562392E+21
                   0.818158538059401E+21
                   0.816808500225785E+21
                   0.815419720927041E+21
                   0.813992442907841E+21
                   0.812526914714170E+21
                   0.811023390613950E+21
                   0.809482130516190E+21
                   0.807903399888714E+21
                   0.806287469674488E+21
                   0.804634616206610E+21
                   0.802945121121979E+21
                   0.801219271273712E+21
                   0.799457358642327E+21
                   0.797659680245750E+21
                   0.795826538048176E+21
                   0.793958238867848E+21
                   0.792055094283766E+21
                   0.790117420541397E+21
                   0.788145538457418E+21
                   0.786139773323535E+21
                   0.784100454809416E+21
                   0.782027916864805E+21
                   0.779922497620826E+21
                   0.777784539290555E+21
                   0.775614388068878E+21
                   0.773412394031695E+21
                   0.771178911034502E+21
                   0.768914296610412E+21
                   0.766618911867634E+21
                   0.764293121386476E+21
                   0.761937293115906E+21
                   0.759551798269707E+21
                   0.757137011222290E+21
                   0.754693309404185E+21
                   0.752221073197262E+21
                   0.749720685829733E+21
                   0.747192533270963E+21
                   0.744637004126140E+21
                   0.742054489530841E+21
                   0.739445383045543E+21
                   0.736810080550113E+21
                   0.734148980138313E+21
                   0.731462482012381E+21
                   0.728750988377696E+21
                   0.726014903337600E+21
                   0.723254632788385E+21
                   0.720470584314512E+21
                   0.717663167084073E+21
                   0.714832791744560E+21
                   0.711979870318951E+21
                   0.709104816102176E+21
                   0.706208043557976E+21
                   0.703289968216206E+21
                   0.700351006570612E+21
                   0.697391575977112E+21
                   0.694412094552623E+21
                   0.691412981074457E+21
                   0.688394654880333E+21
                   0.685357535769017E+21
                   0.682302043901644E+21
                   0.679228599703730E+21
                   0.676137623767926E+21
                   0.673029536757524E+21
                   0.669904759310758E+21
                   0.666763711945917E+21
                   0.663606814967310E+21
                   0.660434488372094E+21
                   0.657247151758006E+21
                   0.654045224232018E+21
                   0.650829124319930E+21
                   0.647599269876952E+21
                   0.644356077999259E+21
                   0.641099964936583E+21
                   0.637831346005830E+21
                   0.634550635505767E+21
                   0.631258246632780E+21
                   0.627954591397741E+21
                   0.624640080543989E+21
                   0.621315123466449E+21
                   0.617980128131907E+21
                   0.614635501000457E+21
                   0.611281646948134E+21
                   0.607918969190752E+21
                   0.604547869208960E+21
                   0.601168746674524E+21
                   0.597781999377865E+21
                   0.594388023156845E+21
                   0.590987211826826E+21
                   0.587579957112011E+21
                   0.584166648578069E+21
                   0.580747673566072E+21
                   0.577323417127732E+21
                   0.573894261961958E+21
                   0.570460588352744E+21
                   0.567022774108381E+21
                   0.563581194502018E+21
                   0.560136222213558E+21
                   0.556688227272910E+21
                   0.553237577004594E+21
                   0.549784635973703E+21
                   0.546329765933224E+21
                   0.542873325772730E+21
                   0.539415671468426E+21
                   0.535957156034570E+21
                   0.532498129476261E+21
                   0.529038938743587E+21
                   0.525579927687151E+21
                   0.522121437014950E+21
                   0.518663804250630E+21
                   0.515207363693092E+21
                   0.511752446377466E+21
                   0.508299380037436E+21
                   0.504848489068916E+21
                   0.501400094495076E+21
                   0.497954513932708E+21
                   0.494512061559934E+21
                   0.491073048085239E+21
                   0.487637780717835E+21
                   0.484206563139338E+21
                   0.480779695476759E+21
                   0.477357474276799E+21
                   0.473940192481438E+21
                   0.470528139404807E+21
                   0.467121600711347E+21
                   0.463720858395225E+21
                   0.460326190761019E+21
                   0.456937872405641E+21
                   0.453556174201507E+21
                   0.450181363280932E+21
                   0.446813703021732E+21
                   0.443453453034046E+21
                   0.440100869148335E+21
                   0.436756203404570E+21
                   0.433419704042588E+21
                   0.430091615493597E+21
                   0.426772178372828E+21
                   0.423461629473314E+21
                   0.420160201760782E+21
                   0.416868124369652E+21
                   0.413585622600114E+21
                   0.410312917916284E+21
                   0.407050227945421E+21
                   0.403797766478178E+21
                   0.400555743469887E+21
                   0.397324365042862E+21
                   0.394103833489692E+21
                   0.390894347277520E+21
                   0.387696101053291E+21
                   0.384509285649948E+21
                   0.381334088093569E+21
                   0.378170691611415E+21
                   0.375019275640889E+21
                   0.371880015839381E+21
                   0.368753084094980E+21
                   0.365638648538045E+21
                   0.362536873553611E+21
                   0.359447919794616E+21
                   0.356371944195941E+21
                   0.353309099989223E+21
                   0.350259536718457E+21
                   0.347223400256339E+21
                   0.344200832821355E+21
                   0.341191972995588E+21
                   0.338196955743230E+21
                   0.335215912429787E+21
                   0.332248970841944E+21
                   0.329296255208096E+21
                   0.326357886219510E+21
                   0.323433981052109E+21
                   0.320524653388862E+21
                   0.317630013442761E+21
                   0.314750167980367E+21
                   0.311885220345915E+21
                   0.309035270485952E+21
                   0.306200414974502E+21
                   0.303380747038733E+21
                   0.300576356585115E+21
                   0.297787330226049E+21
                   0.295013751306958E+21
                   0.292255699933814E+21
                   0.289513253001095E+21
                   0.286786484220147E+21
                   0.284075464147945E+21
                   0.281380260216229E+21
                   0.278700936761008E+21
                   0.276037555052406E+21
                   0.273390173324846E+21
                   0.270758846807549E+21
                   0.268143627755341E+21
                   0.265544565479743E+21
                   0.262961706380337E+21
                   0.260395093976398E+21
                   0.257844768938760E+21
                   0.255310769121924E+21
                   0.252793129596378E+21
                   0.250291882681125E+21
                   0.247807057976399E+21
                   0.245338682396555E+21
                   0.242886780203133E+21
                   0.240451373038063E+21
                   0.238032479957010E+21
                   0.235630117462854E+21
                   0.233244299539265E+21
                   0.230875037684399E+21
                   0.228522340944666E+21
                   0.226186215948587E+21
                   0.223866666940707E+21
                   0.221563695815567E+21
                   0.219277302151718E+21
                   0.217007483245761E+21
                   0.214754234146416E+21
                   0.212517547688592E+21
                   0.210297414527459E+21
                   0.208093823172510E+21
                   0.205906760021601E+21
                   0.203736209394957E+21
                   0.201582153569137E+21
                   0.199444572810952E+21
                   0.197323445411319E+21
                   0.195218747719046E+21
                   0.193130454174539E+21
                   0.191058537343423E+21
                   0.189002967950067E+21
                   0.186963714911000E+21
                   0.184940745368225E+21
                   0.182934024722402E+21
                   0.180943516665909E+21
                   0.178969183215768E+21
                   0.177010984746422E+21
                   0.175068880022371E+21
                   0.173142826230641E+21
                   0.171232779013096E+21
                   0.169338692498576E+21
                   0.167460519334860E+21
                   0.165598210720444E+21
                   0.163751716436130E+21
                   0.161920984876420E+21
                   0.160105963080708E+21
                   0.158306596764270E+21
                   0.156522830349034E+21
                   0.154754606994143E+21
                   0.153001868626284E+21
                   0.151264555969805E+21
                   0.149542608576587E+21
                   0.147835964855688E+21
                   0.146144562102746E+21
                   0.144468336529137E+21
                   0.142807223290881E+21
                   0.141161156517306E+21
                   0.139530069339444E+21
                   0.137913893918180E+21
                   0.136312561472128E+21
                   0.134726002305252E+21
                   0.133154145834210E+21
                   0.131596920615431E+21
                   0.130054254371917E+21
                   0.128526074019769E+21
                   0.127012305694436E+21
                   0.125512874776677E+21
                   0.124027705918250E+21
                   0.122556723067304E+21
                   0.121099849493491E+21
                   0.119657007812792E+21
                   0.118228120012045E+21
                   0.116813107473189E+21
                   0.115411890997206E+21
                   0.114024390827783E+21
                   0.112650526674662E+21
                   0.111290217736708E+21
                   0.109943382724674E+21
                   0.108609939883664E+21
                   0.107289807015311E+21
                   0.105982901499641E+21
                   0.104689140316652E+21
                   0.103408440067582E+21
                   0.102140716995884E+21
                   0.100885887007905E+21
                   0.996438656932555E+20
                   0.984145683448893E+20
                   0.971979099788804E+20
                   0.959938053539013E+20
                   0.948021689904044E+20
                   0.936229151895054E+20
                   0.924559580515694E+20
                   0.913012114945016E+20
                   0.901585892717420E+20
                   0.890280049899658E+20
                   0.879093721264903E+20
                   0.868026040463890E+20
                   0.857076140193148E+20
                   0.846243152360319E+20
                   0.835526208246599E+20
                   0.824924438666292E+20
                   0.814436974123510E+20
                   0.804062944966010E+20
                   0.793801481536216E+20
                   0.783651714319404E+20
                   0.773612774089098E+20
                   0.763683792049676E+20
                   0.753863899976208E+20
                   0.744152230351542E+20
                   0.734547916500666E+20
                   0.725050092722346E+20
                   0.715657894418082E+20
                   0.706370458218380E+20
                   0.697186922106377E+20
                   0.688106425538835E+20
                   0.679128109564513E+20
                   0.670251116939959E+20
                   0.661474592242731E+20
                   0.652797681982064E+20
                   0.644219534707025E+20
                   0.635739301112155E+20
                   0.627356134140644E+20
                   0.619069189085040E+20
                   0.610877623685531E+20
                   0.602780598225826E+20
                   0.594777275626641E+20
                   0.586866821536837E+20
                   0.579048404422212E+20
                   0.571321195651996E+20
                   0.563684369583051E+20
                   0.556137103641815E+20
                   0.548678578404013E+20
                   0.541307977672158E+20
                   0.534024488550865E+20
                   0.526827301520011E+20
                   0.519715610505765E+20
                   0.512688612949501E+20
                   0.505745509874648E+20
                   0.498885505951464E+20
                   0.492107809559804E+20
                   0.485411632849867E+20
                   0.478796191800977E+20
                   0.472260706278414E+20
                   0.465804400088315E+20
                   0.459426501030686E+20
                   0.453126240950534E+20
                   0.446902855787157E+20
                   0.440755585621622E+20
                   0.434683674722437E+20
                   0.428686371589467E+20
                   0.422762928996103E+20
                   0.416912604029721E+20
                   0.411134658130449E+20
                   0.405428357128269E+20
                   0.399792971278488E+20
                   0.394227775295596E+20
                   0.388732048385529E+20
                   0.383305074276387E+20
                   0.377946141247605E+20
                   0.372654542157621E+20
                   0.367429574470053E+20
                   0.362270540278426E+20
                   0.357176746329455E+20
                   0.352147504044927E+20
                   0.347182129542188E+20
                   0.342279943653282E+20
                   0.337440271942740E+20
                   0.332662444724070E+20
                   0.327945797074950E+20
                   0.323289668851160E+20
                   0.318693404699275E+20
                   0.314156354068140E+20
                   0.309677871219150E+20
                   0.305257315235362E+20
                   0.300894050029459E+20
                   0.296587444350590E+20
                   0.292336871790104E+20
                   0.288141710786211E+20
                   0.284001344627584E+20
                   0.279915161455920E+20
                   0.275882554267493E+20
                   0.271902920913715E+20
                   0.267975664100726E+20
                   0.264100191388030E+20
                   0.260275915186212E+20
                   0.256502252753738E+20
                   0.252778626192874E+20
                   0.249104462444734E+20
                   0.245479193283487E+20
                   0.241902255309730E+20
                   0.238373089943061E+20
                   0.234891143413860E+20
                   0.231455866754301E+20
                   0.228066715788618E+20
                   0.224723151122637E+20
                   0.221424638132600E+20
                   0.218170646953288E+20
                   0.214960652465477E+20
                   0.211794134282727E+20
                   0.208670576737540E+20
                   0.205589468866886E+20
                   0.202550304397132E+20
                   0.199552581728374E+20
                   0.196595803918200E+20
                   0.193679478664902E+20
                   0.190803118290141E+20
                   0.187966239721093E+20
                   0.185168364472087E+20
                   0.182409018625747E+20
                   0.179687732813666E+20
                   0.177004042196609E+20
                   0.174357486444274E+20
                   0.171747609714620E+20
                   0.169173960632779E+20
                   0.166636092269558E+20
                   0.164133562119565E+20
                   0.161665932078943E+20
                   0.159232768422751E+20
                   0.156833641781999E+20
                   0.154468127120340E+20
                   0.152135803710440E+20
                   0.149836255110044E+20
                   0.147569069137738E+20
                   0.145333837848430E+20
                   0.143130157508551E+20
                   0.140957628571004E+20
                   0.138815855649855E+20
                   0.136704447494788E+20
                   0.134623016965333E+20
                   0.132571181004878E+20
                   0.130548560614474E+20
                   0.128554780826448E+20
                   0.126589470677825E+20
                   0.124652263183584E+20
                   0.122742795309744E+20
                   0.120860707946294E+20
                   0.119005645879984E+20
                   0.117177257766978E+20
                   0.115375196105376E+20
                   0.113599117207624E+20
                   0.111848681172818E+20
                   0.110123551858899E+20
                   0.108423396854763E+20
                   0.106747887452293E+20
                   0.105096698618301E+20
                   0.103469508966422E+20
                   0.101866000728934E+20
                   0.100285859728533E+20
                   0.987287753500660E+19
                   0.971944405122210E+19
                   0.956825516391944E+19
                   0.941928086323308E+19
                   0.927249148417495E+19
                   0.912785770379610E+19
                   0.898535053834811E+19
                   0.884494134044485E+19
                   0.870660179622526E+19
                   0.857030392251768E+19
                   0.843602006400632E+19
                   0.830372289040059E+19
                   0.817338539360760E+19
                   0.804498088490857E+19
                   0.791848299213963E+19
                   0.779386565687746E+19
                   0.767110313163035E+19
                   0.755016997703516E+19
                   0.743104105906056E+19
                   0.731369154621716E+19
                   0.719809690677487E+19
                   0.708423290598793E+19
                   0.697207560332816E+19
                   0.686160134972658E+19
                   0.675278678482412E+19
                   0.664560883423155E+19
                   0.654004470679916E+19
                   0.643607189189641E+19
                   0.633366815670207E+19
                   0.623281154350510E+19
                   0.613348036701653E+19
                   0.603565321169281E+19
                   0.593930892907086E+19
                   0.584442663511504E+19
                   0.575098570757653E+19
                   0.565896578336513E+19
                   0.556834675593405E+19
                   0.547910877267762E+19
                   0.539123223234248E+19
                   0.530469778245223E+19
                   0.521948631674599E+19
                   0.513557897263086E+19
                   0.505295712864873E+19
                   0.497160240195744E+19
                   0.489149664582660E+19
                   0.481262194714825E+19
                   0.473496062396244E+19
                   0.465849522299805E+19
                   0.458320851722888E+19
                   0.450908350344520E+19
                   0.443610339984100E+19
                   0.436425164361688E+19
                   0.429351188859892E+19
                   0.422386800287354E+19
                   0.415530406643844E+19
                   0.408780436886985E+19
                   0.402135340700607E+19
                   0.395593588264743E+19
                   0.389153670027289E+19
                   0.382814096477308E+19
                   0.376573397920015E+19
                   0.370430124253438E+19
                   0.364382844746753E+19
                   0.358430147820315E+19
                   0.352570640827381E+19
                   0.346802949837529E+19
                   0.341125719421786E+19
                   0.335537612439457E+19
                   0.330037309826665E+19
                   0.324623510386604E+19
                   0.319294930581510E+19
                   0.314050304326335E+19
                   0.308888382784151E+19
                   0.303807934163245E+19
                   0.298807743515941E+19
                   0.293886612539096E+19
                   0.289043359376294E+19
                   0.284276818421671E+19
                   0.279585840125360E+19
                   0.274969290800449E+19
                   0.270426052431366E+19
                   0.265955022483466E+19
                   0.261555113713559E+19
                   0.257225253980880E+19
                   0.252964386057800E+19
                   0.248771467439156E+19
                   0.244645470148484E+19
                   0.240585380538589E+19
                   0.236590199082549E+19
                   0.232658940149377E+19
                   0.228790631755779E+19
                   0.224984315281529E+19
                   0.221239045130347E+19
                   0.217553888310325E+19
                   0.213927923897078E+19
                   0.210360242327898E+19
                   0.206849944455102E+19
                   0.203396140260031E+19
                   0.199997947094030E+19
                   0.196654487267455E+19
                   0.193364884750249E+19
                   0.190128260676027E+19
                   0.186943727254392E+19
                   0.183810379592413E+19
                   0.180727284806204E+19
                   0.177693467669574E+19
                   0.174707891903465E+19
                   0.171769436065836E+19
                   0.168876862869509E+19
                   0.166028780653391E+19
                   0.163223595684644E+19
                   0.160459454006122E+19
                   0.157734171701058E+19
                   0.155045152766292E+19
                   0.152389294309026E+19
                   0.149762879550795E+19
                   0.147161460168936E+19
                   0.144579730848381E+19
                   0.142011400549701E+19
                   0.139449066885214E+19
                   0.136884102054672E+19
                   0.134306560898101E+19
                   0.131705123596515E+19
                   0.129067087161345E+19
                   0.126378420828543E+19
                   0.123623900516087E+19
                   0.120787336317809E+19
                   0.117851904331623E+19
                   0.114800589773345E+19
                   0.111616742247980E+19
                   0.108284736343659E+19
                   0.104790721684228E+19
                   0.101123436747873E+19
                   0.972750508676602E+18
                   0.932419897916027E+18
                   0.890256930257269E+18
                   0.846332469635776E+18
                   0.800778374692339E+18
                   0.753789698453870E+18
                   0.705624133392466E+18
                   0.656598414052121E+18
                   0.607081572100234E+18
                   0.557485151501162E+18
                   0.508250717924128E+18
                   0.459835216464721E+18
                   0.412694923791764E+18
                   0.367268884371708E+18
                   0.323962798372756E+18
                   0.283134329899386E+18
                   0.245080724598205E+18
                   0.210029470116264E+18
                   0.178132514411532E+18
                   0.149464295617304E+18
                   0.124023558008470E+18
                   0.101738658505490E+18
                   0.824758327009610E+17
                   0.660497098900442E+17
                   0.522352575291235E+17
                   0.407803031447343E+17
                   0.314178235247306E+17
                   0.238772967559831E+17
                   0.178945659842672E+17
                   0.132198447366112E+17
                   0.962368149841985E+16
                   0.690087696623711E+16
                   0.487249583079143E+16
                   0.338622607838161E+16
                   0.231540825621431E+16
                   0.155708583117592E+16
                   0.102942086036258E+16
                   0.668784737091782E+15
                   0.426781168857439E+15
                   0.267397097071222E+15
                   0.164415103143462E+15
                   0.991641772787235E+14
                   0.586385734483464E+14
                   0.339787301990265E+14
                   0.192840116986453E+14
                   0.107131303829755E+14
                   0.582259548316940E+13
                   0.309413963719032E+13
                   0.160663264372643E+13
                   0.814637686798585E+12
                   0.403076934859383E+12
                   0.194480711480021E+12
                   0.914331881099217E+11
                   0.418529539496798E+11
                   0.186371915455291E+11
                   0.806646630471263E+10
                   0.339022347230798E+10
                   0.138224216421809E+10
                   0.546124821714889E+09
                   0.208863462812953E+09
                   0.772276858469054E+08
                   0.275716941305463E+08
                   0.949143921032998E+07
                   0.314579668574527E+07
                   0.100220990294581E+07
                   0.306377374769436E+06
                   0.897011989488433E+05
                   0.251004014188329E+05
                   0.669751588132762E+04
                   0.169983315403279E+04
                   0.409213211010060E+03
                   0.931531441188259E+02
                   0.199820896508021E+02
                   0.402324519056210E+01
                   0.756948660174233E+00
                   0.132399379879196E+00
                   0.214020074126745E-01
                   0.317499182279574E-02
                   0.428689847487497E-03
                   0.521541215958329E-04
                   0.564652367236143E-05
                   0.535523682778042E-06
                   0.435836720093304E-07
                   0.295923616706459E-08
                   0.160921821534198E-09
                   0.657050437506179E-11
                   0.179050754391175E-12
                   0.244234130575394E-14
                   0.000000000000000E+00
