                   0.592000100000005E+04
                   0.000000000000000E+00
                   0.822874144695913E+30
                   0.123431121704387E+31
                   0.000000000000000E+00
                   0.000000000000000E+00
                   0.000000000000000E+00
                   0.000000000000000E+00
                   0.000000000000000E+00
                   0.000000000000000E+00
                   0.000000000000000E+00
                   0.000000000000000E+00
                   0.000000000000000E+00
                   0.000000000000000E+00
                   0.000000000000000E+00
                   0.000000000000000E+00
                   0.000000000000000E+00
                   0.000000000000000E+00
                   0.000000000000000E+00
                   0.000000000000000E+00
                   0.000000000000000E+00
                   0.000000000000000E+00
                   0.000000000000000E+00
                   0.000000000000000E+00
                   0.000000000000000E+00
                   0.000000000000000E+00
                   0.000000000000000E+00
                   0.000000000000000E+00
                   0.000000000000000E+00
                   0.000000000000000E+00
                   0.000000000000000E+00
                   0.000000000000000E+00
                   0.000000000000000E+00
                   0.000000000000000E+00
                   0.000000000000000E+00
                   0.000000000000000E+00
                   0.000000000000000E+00
                   0.000000000000000E+00
                   0.000000000000000E+00
                   0.000000000000000E+00
                   0.000000000000000E+00
                   0.000000000000000E+00
                   0.000000000000000E+00
                   0.000000000000000E+00
                   0.000000000000000E+00
                   0.000000000000000E+00
                   0.000000000000000E+00
                   0.000000000000000E+00
                   0.000000000000000E+00
                   0.000000000000000E+00
                   0.000000000000000E+00
                   0.000000000000000E+00
                   0.000000000000000E+00
                   0.000000000000000E+00
                   0.000000000000000E+00
                   0.000000000000000E+00
                   0.000000000000000E+00
                   0.000000000000000E+00
                   0.000000000000000E+00
                   0.000000000000000E+00
                   0.000000000000000E+00
                   0.000000000000000E+00
                   0.000000000000000E+00
                   0.000000000000000E+00
                   0.000000000000000E+00
                   0.000000000000000E+00
                   0.000000000000000E+00
                   0.000000000000000E+00
                   0.000000000000000E+00
                   0.000000000000000E+00
                   0.000000000000000E+00
                   0.000000000000000E+00
                   0.000000000000000E+00
                   0.000000000000000E+00
                   0.000000000000000E+00
                   0.000000000000000E+00
                   0.000000000000000E+00
                   0.000000000000000E+00
                   0.000000000000000E+00
                   0.000000000000000E+00
                   0.000000000000000E+00
                   0.000000000000000E+00
                   0.000000000000000E+00
                   0.000000000000000E+00
                   0.000000000000000E+00
                   0.000000000000000E+00
                   0.000000000000000E+00
                   0.000000000000000E+00
                   0.000000000000000E+00
                   0.000000000000000E+00
                   0.000000000000000E+00
                   0.000000000000000E+00
                   0.000000000000000E+00
                   0.000000000000000E+00
                   0.000000000000000E+00
                   0.000000000000000E+00
                   0.000000000000000E+00
                   0.000000000000000E+00
                   0.000000000000000E+00
                   0.000000000000000E+00
                   0.000000000000000E+00
                   0.000000000000000E+00
                   0.000000000000000E+00
                   0.000000000000000E+00
                   0.000000000000000E+00
                   0.000000000000000E+00
                   0.000000000000000E+00
                   0.000000000000000E+00
                   0.000000000000000E+00
                   0.000000000000000E+00
                   0.000000000000000E+00
                   0.000000000000000E+00
                   0.000000000000000E+00
                   0.000000000000000E+00
                   0.000000000000000E+00
                   0.000000000000000E+00
                   0.000000000000000E+00
                   0.000000000000000E+00
                   0.000000000000000E+00
                   0.000000000000000E+00
                   0.000000000000000E+00
                   0.000000000000000E+00
                   0.000000000000000E+00
                   0.000000000000000E+00
                   0.000000000000000E+00
                   0.000000000000000E+00
                   0.000000000000000E+00
                   0.000000000000000E+00
                   0.000000000000000E+00
                   0.000000000000000E+00
                   0.000000000000000E+00
                   0.000000000000000E+00
                   0.000000000000000E+00
                   0.000000000000000E+00
                   0.000000000000000E+00
                   0.000000000000000E+00
                   0.000000000000000E+00
                   0.000000000000000E+00
                   0.000000000000000E+00
                   0.000000000000000E+00
                   0.000000000000000E+00
                   0.000000000000000E+00
                   0.000000000000000E+00
                   0.000000000000000E+00
                   0.000000000000000E+00
                   0.000000000000000E+00
                   0.000000000000000E+00
                   0.000000000000000E+00
                   0.000000000000000E+00
                   0.000000000000000E+00
                   0.000000000000000E+00
                   0.000000000000000E+00
                   0.000000000000000E+00
                   0.000000000000000E+00
                   0.000000000000000E+00
                   0.000000000000000E+00
                   0.000000000000000E+00
                   0.000000000000000E+00
                   0.000000000000000E+00
                   0.000000000000000E+00
                   0.000000000000000E+00
                   0.000000000000000E+00
                   0.000000000000000E+00
                   0.000000000000000E+00
                   0.000000000000000E+00
                   0.000000000000000E+00
                   0.000000000000000E+00
                   0.000000000000000E+00
                   0.000000000000000E+00
                   0.000000000000000E+00
                   0.000000000000000E+00
                   0.000000000000000E+00
                   0.000000000000000E+00
                   0.000000000000000E+00
                   0.000000000000000E+00
                   0.000000000000000E+00
                   0.000000000000000E+00
                   0.000000000000000E+00
                   0.000000000000000E+00
                   0.000000000000000E+00
                   0.000000000000000E+00
                   0.000000000000000E+00
                   0.000000000000000E+00
                   0.000000000000000E+00
                   0.000000000000000E+00
                   0.000000000000000E+00
                   0.000000000000000E+00
                   0.000000000000000E+00
                   0.000000000000000E+00
                   0.000000000000000E+00
                   0.000000000000000E+00
                   0.000000000000000E+00
                   0.000000000000000E+00
                   0.000000000000000E+00
                   0.000000000000000E+00
                   0.000000000000000E+00
                   0.000000000000000E+00
                   0.000000000000000E+00
                   0.000000000000000E+00
                   0.000000000000000E+00
                   0.000000000000000E+00
                   0.000000000000000E+00
