                   0.305744660203132E+02
                   0.000000000000000E+00
                   0.201968841337199E+27
                   0.326171415454996E+27
                   0.421474450979685E+27
                   0.474134717041695E+27
                   0.478859004906519E+27
                   0.438931406235538E+27
                   0.365843890696102E+27
                   0.276686980968733E+27
                   0.189264745219162E+27
                   0.116822825632894E+27
                   0.650658033278641E+26
                   0.327951805079580E+26
                   0.150439821848784E+26
                   0.632926924624411E+25
                   0.246381605851064E+25
                   0.895550823170098E+24
                   0.306657689512756E+24
                   0.997463389050320E+23
                   0.310519213291731E+23
                   0.931421390776580E+22
                   0.270797367280276E+22
                   0.767074157508350E+21
                   0.212661807098157E+21
                   0.579306122582518E+20
                   0.155587413950422E+20
                   0.413211828452660E+19
                   0.108796797418637E+19
                   0.284622704835897E+18
                   0.741258730158933E+17
                   0.192505366113790E+17
                   0.499250498493060E+16
                   0.129462380454444E+16
                   0.336041364076807E+15
                   0.873932701894150E+14
                   0.227906605546310E+14
                   0.596402818810473E+13
                   0.156709612105586E+13
                   0.413678234249769E+12
                   0.109771247973035E+12
                   0.293187977429580E+11
                   0.794468986722188E+10
                   0.231513935269127E+10
                   0.995444278471462E+09
                   0.104527913064047E+10
                   0.188716332295717E+10
                   0.376976757131579E+10
                   0.752162450897886E+10
                   0.147746635650382E+11
                   0.285270886240403E+11
                   0.541525300898861E+11
                   0.101109582854369E+12
                   0.185772387428974E+12
                   0.336037053264995E+12
                   0.598699278897986E+12
                   0.105109045348901E+13
                   0.181916011926897E+13
                   0.310517545537636E+13
                   0.522956657416880E+13
                   0.869329599954765E+13
                   0.142696138791610E+14
                   0.231373482387601E+14
                   0.370721738216186E+14
                   0.587178377736699E+14
                   0.919663616111206E+14
                   0.142485082705554E+15
                   0.218439367518690E+15
                   0.331473265929172E+15
                   0.498026635849997E+15
                   0.741086704973612E+15
                   0.109249499329167E+16
                   0.159595730707325E+16
                   0.231093539390120E+16
                   0.331763401037508E+16
                   0.472333669754602E+16
                   0.667038746649224E+16
                   0.934616371136760E+16
                   0.129954376731210E+17
                   0.179355791776281E+17
                   0.245751104754291E+17
                   0.334361839179742E+17
                   0.451816138058223E+17
                   0.606471537140381E+17
                   0.808797684110180E+17
                   0.107182703422059E+18
                   0.141168203465380E+18
                   0.184818771388841E+18
                   0.240557889747720E+18
                   0.311331145625435E+18
                   0.400698703550578E+18
                   0.512940059304942E+18
                   0.653171977068355E+18
                   0.827480461909234E+18
                   0.104306754755161E+19
                   0.130841358438191E+19
                   0.163345559391608E+19
                   0.202978211295689E+19
                   0.251084478341769E+19
                   0.309218675274892E+19
                   0.379168773607341E+19
                   0.462982535604024E+19
                   0.562995212210371E+19
                   0.681858714000297E+19
                   0.822572135773520E+19
                   0.988513485981924E+19
                   0.118347244210866E+20
                   0.141168392289173E+20
                   0.167786223833469E+20
                   0.198723554926037E+20
                   0.234558034023113E+20
                   0.275925558347658E+20
                   0.323523624752646E+20
                   0.378114578301781E+20
                   0.440528720008287E+20
                   0.511667233724510E+20
                   0.592504891123430E+20
                   0.684092493090614E+20
                   0.787559005679243E+20
                   0.904113349092830E+20
                   0.103504579896519E+21
                   0.118172896051293E+21
                   0.134561827794338E+21
                   0.152825204380383E+21
                   0.173125087574372E+21
                   0.195631663140820E+21
                   0.220523073586435E+21
                   0.247985190004469E+21
                   0.278211321313939E+21
                   0.311401859663316E+21
                   0.347763861271652E+21
                   0.387510562505221E+21
                   0.430860831528817E+21
                   0.478038556422329E+21
                   0.529271971208890E+21
                   0.584792921794970E+21
                   0.644836074369175E+21
                   0.709638069339313E+21
                   0.779436624400889E+21
                   0.854469590819057E+21
                   0.934973967465120E+21
                   0.102118487757313E+22
                   0.111333451356773E+22
                   0.121165105565726E+22
                   0.131635757018293E+22
                   0.142767089396298E+22
                   0.154580051106758E+22
                   0.167094742860481E+22
                   0.180330305818865E+22
                   0.194304810979655E+22
                   0.209035150470677E+22
                   0.224536931413501E+22
                   0.240824373006698E+22
                   0.257910207461049E+22
                   0.275805585396909E+22
                   0.294519986287222E+22
                   0.314061134498740E+22
                   0.334434921449074E+22
                   0.355645334358741E+22
                   0.377694392035751E+22
                   0.400582088085821E+22
                   0.424306341894532E+22
                   0.448862957679057E+22
                   0.474245591856858E+22
                   0.500445728927531E+22
                   0.527452666012064E+22
                   0.555253506141716E+22
                   0.583833160336832E+22
                   0.613174358464645E+22
                   0.643257668814803E+22
                   0.674061526282421E+22
                   0.705562269001124E+22
                   0.737734183223237E+22
                   0.770549556201177E+22
                   0.803978736783517E+22
                   0.837990203401280E+22
                   0.872550639085077E+22
                   0.907625013121724E+22
                   0.943176668930265E+22
                   0.979167417711830E+22
                   0.101555763740566E+23
                   0.105230637646483E+23
                   0.108937146195000E+23
                   0.112670961142730E+23
                   0.116427654814812E+23
                   0.120202711898301E+23
                   0.123991541457973E+23
                   0.127789489121663E+23
                   0.131591849382598E+23
                   0.135393877966914E+23
                   0.139190804215418E+23
                   0.142977843429904E+23
                   0.146750209135698E+23
                   0.150503125213794E+23
                   0.154231837857716E+23
                   0.157931627312306E+23
                   0.161597819353756E+23
                   0.165225796472541E+23
                   0.168811008723298E+23
                   0.172348984208232E+23
                   0.175835339163244E+23
                   0.179265787618592E+23
                   0.182636150608640E+23
                   0.185942364907964E+23
                   0.189180491273800E+23
                   0.192346722177596E+23
                   0.195437389011074E+23
                   0.198448968754946E+23
                   0.201378090101000E+23
                   0.204221539020851E+23
                   0.206976263777158E+23
                   0.209639379375482E+23
                   0.212208171457307E+23
                   0.214680099636942E+23
                   0.217052800287145E+23
                   0.219324088780307E+23
                   0.221491961193917E+23
                   0.223554595490785E+23
                   0.225510352186160E+23
                   0.227357774515359E+23
                   0.229095588116947E+23
                   0.230722700247743E+23
                   0.232238198547061E+23
                   0.233641349368615E+23
                   0.234931595699384E+23
                   0.236108554685488E+23
                   0.237172014785789E+23
                   0.238121932574424E+23
                   0.238958429213899E+23
                   0.239681786620682E+23
                   0.240292443345418E+23
                   0.240790990189971E+23
                   0.241178165583548E+23
                   0.241454850740000E+23
                   0.241622064618297E+23
                   0.241680958707857E+23
                   0.241632811660126E+23
                   0.241479023787394E+23
                   0.241221111449375E+23
                   0.240860701347573E+23
                   0.240399524746879E+23
                   0.239839411643243E+23
                   0.239182284895608E+23
                   0.238430154339589E+23
                   0.237585110899701E+23
                   0.236649320716131E+23
                   0.235625019301339E+23
                   0.234514505740967E+23
                   0.233320136952710E+23
                   0.232044322016049E+23
                   0.230689516584888E+23
                   0.229258217394350E+23
                   0.227752956872168E+23
                   0.226176297864296E+23
                   0.224530828483586E+23
                   0.222819157089561E+23
                   0.221043907406572E+23
                   0.219207713786850E+23
                   0.217313216624231E+23
                   0.215363057923612E+23
                   0.213359877030486E+23
                   0.211306306524260E+23
                   0.209204968278364E+23
                   0.207058469689564E+23
                   0.204869400078283E+23
                   0.202640327261152E+23
                   0.200373794296469E+23
                   0.198072316402736E+23
                   0.195738378049934E+23
                   0.193374430222735E+23
                   0.190982887854442E+23
                   0.188566127429985E+23
                   0.186126484755988E+23
                   0.183666252895501E+23
                   0.181187680264730E+23
                   0.178692968888749E+23
                   0.176184272812919E+23
                   0.173663696666524E+23
                   0.171133294374843E+23
                   0.168595068015747E+23
                   0.166050966816698E+23
                   0.163502886287862E+23
                   0.160952667486958E+23
                   0.158402096411308E+23
                   0.155852903512489E+23
                   0.153306763328910E+23
                   0.150765294231568E+23
                   0.148230058278222E+23
                   0.145702561171173E+23
                   0.143184252313865E+23
                   0.140676524961493E+23
                   0.138180716460853E+23
                   0.135698108574684E+23
                   0.133229927885811E+23
                   0.130777346276432E+23
                   0.128341481477979E+23
                   0.125923397687045E+23
                   0.123524106242946E+23
                   0.121144566362595E+23
                   0.118785685928432E+23
                   0.116448322325296E+23
                   0.114133283322177E+23
                   0.111841327994963E+23
                   0.109573167686354E+23
                   0.107329466999274E+23
                   0.105110844820206E+23
                   0.102917875369032E+23
                   0.100751089272039E+23
                   0.986109746549347E+22
                   0.964979782527934E+22
                   0.944125065340142E+22
                   0.923549268354903E+22
                   0.903255685063138E+22
                   0.883247240574715E+22
                   0.863526503151129E+22
                   0.844095695750932E+22
                   0.824956707566215E+22
                   0.806111105529604E+22
                   0.787560145772478E+22
                   0.769304785016224E+22
                   0.751345691879539E+22
                   0.733683258085867E+22
                   0.716317609556174E+22
                   0.699248617373284E+22
                   0.682475908605089E+22
                   0.665998876974863E+22
                   0.649816693367963E+22
                   0.633928316165046E+22
                   0.618332501392906E+22
                   0.603027812684861E+22
                   0.588012631043449E+22
                   0.573285164399030E+22
                   0.558843456958622E+22
                   0.544685398340047E+22
                   0.530808732487169E+22
                   0.517211066362671E+22
                   0.503889878415438E+22
                   0.490842526820263E+22
                   0.478066257488102E+22
                   0.465558211845704E+22
                   0.453315434383918E+22
                   0.441334879974490E+22
                   0.429613420955573E+22
                   0.418147853986664E+22
                   0.406934906674012E+22
                   0.395971243967963E+22
                   0.385253474334032E+22
                   0.374778155699810E+22
                   0.364541801180129E+22
                   0.354540884583172E+22
                   0.344771845700446E+22
                   0.335231095383816E+22
                   0.325915020412950E+22
                   0.316819988156762E+22
                   0.307942351032570E+22
                   0.299278450766876E+22
                   0.290824622461782E+22
                   0.282577198471176E+22
                   0.274532512090955E+22
                   0.266686901067585E+22
                   0.259036710929432E+22
                   0.251578298145305E+22
                   0.244308033114740E+22
                   0.237222302994555E+22
                   0.230317514366259E+22
                   0.223590095748890E+22
                   0.217036499961873E+22
                   0.210653206342474E+22
                   0.204436722822419E+22
                   0.198383587868213E+22
                   0.192490372289691E+22
                   0.186753680921245E+22
                   0.181170154180182E+22
                   0.175736469506595E+22
                   0.170449342689051E+22
                   0.165305529080392E+22
                   0.160301824707825E+22
                   0.155435067281457E+22
                   0.150702137105319E+22
                   0.146099957894877E+22
                   0.141625497504936E+22
                   0.137275768571757E+22
                   0.133047829073145E+22
                   0.128938782810157E+22
                   0.124945779814009E+22
                   0.121066016681670E+22
                   0.117296736843535E+22
                   0.113635230766494E+22
                   0.110078836095605E+22
                   0.106624937737510E+22
                   0.103270967888629E+22
                   0.100014406011078E+22
                   0.968527787591688E+21
                   0.937836598592705E+21
                   0.908046699456962E+21
                   0.879134763552218E+21
                   0.851077928827342E+21
                   0.823853795004307E+21
                   0.797440420429023E+21
                   0.771816318603510E+21
                   0.746960454421089E+21
                   0.722852240125432E+21
                   0.699471531013546E+21
                   0.676798620901959E+21
                   0.654814237374613E+21
                   0.633499536830211E+21
                   0.612836099346049E+21
                   0.592805923374614E+21
                   0.573391420288548E+21
                   0.554575408788887E+21
                   0.536341109190808E+21
                   0.518672137600478E+21
                   0.501552499995963E+21
                   0.484966586224521E+21
                   0.468899163928046E+21
                   0.453335372407798E+21
                   0.438260716439042E+21
                   0.423661060045627E+21
                   0.409522620244055E+21
                   0.395831960766031E+21
                   0.382575985768035E+21
                   0.369741933535948E+21
                   0.357317370192323E+21
                   0.345290183413438E+21
                   0.333648576162837E+21
                   0.322381060447678E+21
                   0.311476451103764E+21
                   0.300923859614796E+21
                   0.290712687971003E+21
                   0.280832622571939E+21
                   0.271273628177923E+21
                   0.262025941914256E+21
                   0.253080067332049E+21
                   0.244426768529186E+21
                   0.236057064334687E+21
                   0.227962222559430E+21
                   0.220133754315957E+21
                   0.212563408409838E+21
                   0.205243165804811E+21
                   0.198165234163726E+21
                   0.191322042467075E+21
                   0.184706235710689E+21
                   0.178310669684029E+21
                   0.172128405830244E+21
                   0.166152706189073E+21
                   0.160377028423433E+21
                   0.154795020930434E+21
                   0.149400518037373E+21
                   0.144187535283154E+21
                   0.139150264785415E+21
                   0.134283070693557E+21
                   0.129580484727708E+21
                   0.125037201803599E+21
                   0.120648075743182E+21
                   0.116408115070736E+21
                   0.112312478894133E+21
                   0.108356472870841E+21
                   0.104535545258147E+21
                   0.100845283047040E+21
                   0.972814081791083E+20
                   0.938397738457398E+20
                   0.905163608688753E+20
                   0.873072741624881E+20
                   0.842087392739322E+20
                   0.812170990042491E+20
                   0.783288101064848E+20
                   0.755404400610294E+20
                   0.728486639269628E+20
                   0.702502612683555E+20
                   0.677421131544508E+20
                   0.653211992326275E+20
                   0.629845948730262E+20
                   0.607294683836997E+20
                   0.585530782951358E+20
                   0.564527707129872E+20
                   0.544259767378326E+20
                   0.524702099507849E+20
                   0.505830639637561E+20
                   0.487622100331845E+20
                   0.470053947360271E+20
                   0.453104377068196E+20
                   0.436752294346064E+20
                   0.420977291185469E+20
                   0.405759625810067E+20
                   0.391080202369481E+20
                   0.376920551184402E+20
                   0.363262809531162E+20
                   0.350089702954149E+20
                   0.337384527094507E+20
                   0.325131130023700E+20
                   0.313313895070581E+20
                   0.301917724130785E+20
                   0.290928021447334E+20
                   0.280330677851515E+20
                   0.270112055453202E+20
                   0.260258972769956E+20
                   0.250758690284358E+20
                   0.241598896419219E+20
                   0.232767693920422E+20
                   0.224253586637337E+20
                   0.216045466690908E+20
                   0.208132602019662E+20
                   0.200504624294061E+20
                   0.193151517189791E+20
                   0.186063605010732E+20
                   0.179231541652544E+20
                   0.172646299897957E+20
                   0.166299161035020E+20
                   0.160181704789757E+20
                   0.154285799564818E+20
                   0.148603592975901E+20
                   0.143127502677888E+20
                   0.137850207472800E+20
                   0.132764638691845E+20
                   0.127863971844008E+20
                   0.123141618523782E+20
                   0.118591218570814E+20
                   0.114206632474403E+20
                   0.109981934015932E+20
                   0.105911403142502E+20
                   0.101989519065164E+20
                   0.982109535753176E+19
                   0.945705645730009E+19
                   0.910633898009290E+19
                   0.876846407783080E+19
                   0.844296969285858E+19
                   0.812940998954490E+19
                   0.782735480415187E+19
                   0.753638911243358E+19
                   0.725611251443667E+19
                   0.698613873598921E+19
                   0.672609514637786E+19
                   0.647562229172593E+19
                   0.623437344359808E+19
                   0.600201416236975E+19
                   0.577822187491185E+19
                   0.556268546615324E+19
                   0.535510488409541E+19
                   0.515519075786528E+19
                   0.496266402840354E+19
                   0.477725559139680E+19
                   0.459870595207298E+19
                   0.442676489148964E+19
                   0.426119114395583E+19
                   0.410175208523756E+19
                   0.394822343120750E+19
                   0.380038894660883E+19
                   0.365804016361287E+19
                   0.352097610985904E+19
                   0.338900304567520E+19
                   0.326193421018467E+19
                   0.313958957601527E+19
                   0.302179561233386E+19
                   0.290838505593798E+19
                   0.279919669014448E+19
                   0.269407513122217E+19
                   0.259287062212389E+19
                   0.249543883327995E+19
                   0.240164067022268E+19
                   0.231134208781840E+19
                   0.222441391089027E+19
                   0.214073166102165E+19
                   0.206017538933657E+19
                   0.198262951505965E+19
                   0.190798266966437E+19
                   0.183612754642411E+19
                   0.176696075518639E+19
                   0.170038268219641E+19
                   0.163629735480098E+19
                   0.157461231086995E+19
                   0.151523847277665E+19
                   0.145809002578434E+19
                   0.140308430069038E+19
                   0.135014166058442E+19
                   0.129918539158172E+19
                   0.125014159739693E+19
                   0.120293909762816E+19
                   0.115750932962516E+19
                   0.111378625381977E+19
                   0.107170626240041E+19
                   0.103120809121649E+19
                   0.992232734802202E+18
                   0.954723364412713E+18
                   0.918625248969436E+18
                   0.883885678814253E+18
                   0.850453892175979E+18
                   0.818281004255483E+18
                   0.787319938838983E+18
                   0.757525362352026E+18
                   0.728853620269547E+18
                   0.701262675800242E+18
                   0.674712050766167E+18
                   0.649162768601158E+18
                   0.624577299394193E+18
                   0.600919506906292E+18
                   0.578154597491974E+18
                   0.556249070858565E+18
                   0.535170672598953E+18
                   0.514888348435505E+18
                   0.495372200115022E+18
                   0.476593442896598E+18
                   0.458524364576261E+18
                   0.441138285994158E+18
                   0.424409522971909E+18
                   0.408313349629539E+18
                   0.392825963033122E+18
                   0.377924449125959E+18
                   0.363586749897712E+18
                   0.349791631747510E+18
                   0.336518654998519E+18
                   0.323748144522984E+18
                   0.311461161438113E+18
                   0.299639475834594E+18
                   0.288265540500823E+18
                   0.277322465607228E+18
                   0.266793994316290E+18
                   0.256664479285087E+18
                   0.246918860028305E+18
                   0.237542641110831E+18
                   0.228521871140067E+18
                   0.219843122529194E+18
                   0.211493472003600E+18
                   0.203460481823669E+18
                   0.195732181698069E+18
                   0.188297051362588E+18
                   0.181144003800447E+18
                   0.174262369080873E+18
                   0.167641878793517E+18
                   0.161272651057126E+18
                   0.155145176081608E+18
                   0.149250302263412E+18
                   0.143579222794794E+18
                   0.138123462768315E+18
                   0.132874866758500E+18
                   0.127825586863281E+18
                   0.122968071188456E+18
                   0.118295052758986E+18
                   0.113799538841530E+18
                   0.109474800663199E+18
                   0.105314363512017E+18
                   0.101311997205118E+18
                   0.974617069112017E+17
                   0.937577243142629E+17
                   0.901944991060607E+17
                   0.867666907952666E+17
                   0.834691608216469E+17
                   0.802969649640657E+17
                   0.772453460314948E+17
                   0.743097268266113E+17
                   0.714857033719375E+17
                   0.687690383888440E+17
                   0.661556550200861E+17
                   0.636416307868842E+17
                   0.612231917718826E+17
                   0.588967070196381E+17
                   0.566586831465945E+17
                   0.545057591527874E+17
                   0.524347014278130E+17
                   0.504423989438604E+17
                   0.485258586288744E+17
                   0.466822009131674E+17
                   0.449086554430409E+17
                   0.432025569552189E+17
                   0.415613413061142E+17
                   0.399825416501758E+17
                   0.384637847617693E+17
                   0.370027874952525E+17
                   0.355973533780980E+17
                   0.342453693321092E+17
                   0.329448025179542E+17
                   0.316936972984214E+17
                   0.304901723159662E+17
                   0.293324176802840E+17
                   0.282186922618021E+17
                   0.271473210871320E+17
                   0.261166928326732E+17
                   0.251252574126973E+17
                   0.241715236583798E+17
                   0.232540570843738E+17
                   0.223714777396511E+17
                   0.215224581394520E+17
                   0.207057212753057E+17
                   0.199200387001956E+17
                   0.191642286860499E+17
                   0.184371544508459E+17
                   0.177377224527141E+17
                   0.170648807485276E+17
                   0.164176174145543E+17
                   0.157949590268409E+17
                   0.151959691990821E+17
                   0.146197471758158E+17
                   0.140654264788608E+17
                   0.135321736049961E+17
                   0.130191867729492E+17
                   0.125256947176451E+17
                   0.120509555170490E+17
                   0.115942547112021E+17
                   0.111548675773222E+17
                   0.107306616172046E+17
                   0.102787276277716E+17
                   0.900316031731703E+16
                   0.000000000000000E+00
