  # Bin [m], Precipitate density distribution [/m^4]
                            0.371535E-09                            0.000000E+00
                            0.436516E-09                            0.000000E+00
                            0.512861E-09                            0.000000E+00
                            0.602560E-09                            0.000000E+00
                            0.707946E-09                            0.000000E+00
                            0.831764E-09                            0.000000E+00
                            0.977237E-09                            0.000000E+00
                            0.114815E-08                            0.000000E+00
                            0.134896E-08                            0.000000E+00
                            0.158489E-08                            0.000000E+00
                            0.186209E-08                            0.000000E+00
                            0.218776E-08                            0.000000E+00
                            0.257040E-08                            0.000000E+00
                            0.301995E-08                            0.000000E+00
                            0.354813E-08                            0.000000E+00
                            0.416869E-08                            0.000000E+00
                            0.489779E-08                            0.000000E+00
                            0.575440E-08                            0.000000E+00
                            0.676083E-08                            0.000000E+00
                            0.794328E-08                            0.000000E+00
                            0.933254E-08                            0.000000E+00
                            0.109648E-07                            0.000000E+00
                            0.128825E-07                            0.000000E+00
                            0.151356E-07                            0.000000E+00
                            0.177828E-07                            0.000000E+00
                            0.208930E-07                            0.000000E+00
                            0.245471E-07                            0.000000E+00
                            0.288403E-07                            0.000000E+00
                            0.338844E-07                            0.000000E+00
                            0.398107E-07                            0.000000E+00
                            0.467735E-07                            0.000000E+00
                            0.549541E-07                            0.000000E+00
                            0.645654E-07                            0.000000E+00
                            0.758578E-07                            0.000000E+00
                            0.891251E-07                            0.125720E-43
                            0.104713E-06                            0.101612E-37
                            0.123027E-06                            0.428959E-32
                            0.144544E-06                            0.945846E-27
                            0.169824E-06                            0.108933E-21
                            0.199526E-06                            0.655285E-17
                            0.234423E-06                            0.205890E-12
                            0.275423E-06                            0.337889E-08
                            0.323594E-06                            0.289631E-04
                            0.380189E-06                            0.129673E+00
                            0.446684E-06                            0.303241E+03
                            0.524807E-06                            0.370390E+06
                            0.616595E-06                            0.236300E+09
                            0.724436E-06                            0.787413E+11
                            0.851138E-06                            0.137049E+14
                            0.100000E-05                            0.124589E+16
                            0.117490E-05                            0.591585E+17
                            0.138038E-05                            0.146720E+19
                            0.162181E-05                            0.190061E+20
                            0.190546E-05                            0.128597E+21
                            0.223872E-05                            0.454468E+21
                            0.263027E-05                            0.838896E+21
                            0.309030E-05                            0.808809E+21
                            0.363078E-05                            0.407303E+21
                            0.426580E-05                            0.107133E+21
                            0.501187E-05                            0.147184E+20
