  # Bin [m], Precipitate density distribution [/m^4]
                            0.300000E-08                            0.000000E+00
                            0.500000E-08                            0.893333E+20
                            0.700000E-08                            0.151926E+25
                            0.900000E-08                            0.346420E+27
                            0.110000E-07                            0.851185E+28
                            0.130000E-07                            0.567592E+29
                            0.150000E-07                            0.165559E+30
                            0.170000E-07                            0.277533E+30
                            0.190000E-07                            0.316199E+30
                            0.210000E-07                            0.272974E+30
                            0.230000E-07                            0.192194E+30
                            0.250000E-07                            0.116186E+30
                            0.270000E-07                            0.625757E+29
                            0.290000E-07                            0.308528E+29
                            0.310000E-07                            0.142121E+29
                            0.330000E-07                            0.621183E+28
                            0.350000E-07                            0.260719E+28
                            0.370000E-07                            0.106064E+28
                            0.390000E-07                            0.421314E+27
                            0.410000E-07                            0.164373E+27
                            0.430000E-07                            0.632825E+26
                            0.450000E-07                            0.241330E+26
                            0.470000E-07                            0.914430E+25
                            0.490000E-07                            0.345136E+25
                            0.510000E-07                            0.130024E+25
                            0.530000E-07                            0.489756E+24
                            0.550000E-07                            0.184698E+24
                            0.570000E-07                            0.698176E+23
                            0.590000E-07                            0.264787E+23
                            0.610000E-07                            0.100831E+23
                            0.630000E-07                            0.385770E+22
                            0.650000E-07                            0.148364E+22
                            0.670000E-07                            0.573828E+21
                            0.690000E-07                            0.223271E+21
                            0.710000E-07                            0.874187E+20
                            0.730000E-07                            0.344501E+20
                            0.750000E-07                            0.136668E+20
                            0.770000E-07                            0.545869E+19
                            0.790000E-07                            0.219532E+19
                            0.810000E-07                            0.889049E+18
                            0.830000E-07                            0.362567E+18
                            0.850000E-07                            0.148901E+18
                            0.870000E-07                            0.615816E+17
                            0.890000E-07                            0.256476E+17
                            0.910000E-07                            0.107566E+17
                            0.930000E-07                            0.454273E+16
                            0.950000E-07                            0.193177E+16
                            0.970000E-07                            0.827124E+15
                            0.990000E-07                            0.356561E+15
                            0.101000E-06                            0.154746E+15
                            0.103000E-06                            0.676077E+14
                            0.105000E-06                            0.297327E+14
                            0.107000E-06                            0.131614E+14
                            0.109000E-06                            0.586362E+13
                            0.111000E-06                            0.262901E+13
                            0.113000E-06                            0.118616E+13
                            0.115000E-06                            0.538506E+12
                            0.117000E-06                            0.245976E+12
                            0.119000E-06                            0.113036E+12
                            0.121000E-06                            0.522552E+11
                            0.123000E-06                            0.242992E+11
                            0.125000E-06                            0.113650E+11
                            0.127000E-06                            0.534602E+10
                            0.129000E-06                            0.252893E+10
                            0.131000E-06                            0.120297E+10
                            0.133000E-06                            0.575372E+09
                            0.135000E-06                            0.276686E+09
                            0.137000E-06                            0.133763E+09
                            0.139000E-06                            0.650075E+08
                            0.141000E-06                            0.317567E+08
                            0.143000E-06                            0.155926E+08
                            0.145000E-06                            0.769459E+07
                            0.147000E-06                            0.381594E+07
                            0.149000E-06                            0.190168E+07
                            0.151000E-06                            0.952278E+06
                            0.153000E-06                            0.479126E+06
                            0.155000E-06                            0.242196E+06
                            0.157000E-06                            0.122994E+06
                            0.159000E-06                            0.627450E+05
                            0.161000E-06                            0.321528E+05
                            0.163000E-06                            0.165493E+05
                            0.165000E-06                            0.855524E+04
                            0.167000E-06                            0.444172E+04
                            0.169000E-06                            0.231586E+04
                            0.171000E-06                            0.121252E+04
                            0.173000E-06                            0.637465E+03
                            0.175000E-06                            0.336504E+03
                            0.177000E-06                            0.178348E+03
                            0.179000E-06                            0.948996E+02
                            0.181000E-06                            0.506942E+02
                            0.183000E-06                            0.271848E+02
                            0.185000E-06                            0.146334E+02
                            0.187000E-06                            0.790668E+01
                            0.189000E-06                            0.428798E+01
                            0.191000E-06                            0.233399E+01
                            0.193000E-06                            0.127501E+01
                            0.195000E-06                            0.698993E+00
                            0.197000E-06                            0.384557E+00
                            0.199000E-06                            0.212303E+00
                            0.201000E-06                            0.117609E+00
                            0.203000E-06                            0.653727E-01
                            0.205000E-06                            0.364589E-01
                            0.207000E-06                            0.204006E-01
                            0.209000E-06                            0.114525E-01
                            0.211000E-06                            0.644993E-02
                            0.213000E-06                            0.364410E-02
                            0.215000E-06                            0.206534E-02
                            0.217000E-06                            0.117420E-02
                            0.219000E-06                            0.669610E-03
                            0.221000E-06                            0.383018E-03
                            0.223000E-06                            0.219744E-03
                            0.225000E-06                            0.126444E-03
                            0.227000E-06                            0.729711E-04
                            0.229000E-06                            0.422336E-04
                            0.231000E-06                            0.245136E-04
                            0.233000E-06                            0.142686E-04
                            0.235000E-06                            0.832852E-05
                            0.237000E-06                            0.487476E-05
                            0.239000E-06                            0.286103E-05
                            0.241000E-06                            0.168370E-05
                            0.243000E-06                            0.993491E-06
                            0.245000E-06                            0.587772E-06
                            0.247000E-06                            0.348648E-06
                            0.249000E-06                            0.207341E-06
                            0.251000E-06                            0.123621E-06
                            0.253000E-06                            0.738912E-07
                            0.255000E-06                            0.442770E-07
                            0.257000E-06                            0.265972E-07
                            0.259000E-06                            0.160161E-07
                            0.261000E-06                            0.966773E-08
                            0.263000E-06                            0.584967E-08
                            0.265000E-06                            0.354785E-08
                            0.267000E-06                            0.215684E-08
                            0.269000E-06                            0.131424E-08
                            0.271000E-06                            0.802652E-09
                            0.273000E-06                            0.491321E-09
                            0.275000E-06                            0.301425E-09
                            0.277000E-06                            0.185336E-09
                            0.279000E-06                            0.114207E-09
                            0.281000E-06                            0.705300E-10
                            0.283000E-06                            0.436507E-10
                            0.285000E-06                            0.270730E-10
                            0.287000E-06                            0.168267E-10
                            0.289000E-06                            0.104802E-10
                            0.291000E-06                            0.654094E-11
                            0.293000E-06                            0.409074E-11
                            0.295000E-06                            0.256358E-11
                            0.297000E-06                            0.160978E-11
                            0.299000E-06                            0.101286E-11
                            0.301000E-06                            0.638545E-12
                            0.303000E-06                            0.403350E-12
                            0.305000E-06                            0.255278E-12
                            0.307000E-06                            0.161875E-12
                            0.309000E-06                            0.102842E-12
                            0.311000E-06                            0.654601E-13
                            0.313000E-06                            0.417441E-13
                            0.315000E-06                            0.266695E-13
                            0.317000E-06                            0.170699E-13
                            0.319000E-06                            0.109455E-13
                            0.321000E-06                            0.703103E-14
                            0.323000E-06                            0.452457E-14
                            0.325000E-06                            0.291677E-14
                            0.327000E-06                            0.188359E-14
                            0.329000E-06                            0.121850E-14
                            0.331000E-06                            0.789604E-15
                            0.333000E-06                            0.512546E-15
                            0.335000E-06                            0.333266E-15
                            0.337000E-06                            0.217058E-15
                            0.339000E-06                            0.141606E-15
                            0.341000E-06                            0.925336E-16
                            0.343000E-06                            0.605657E-16
                            0.345000E-06                            0.397061E-16
                            0.347000E-06                            0.260725E-16
                            0.349000E-06                            0.171474E-16
                            0.351000E-06                            0.112953E-16
                            0.353000E-06                            0.745209E-17
                            0.355000E-06                            0.492413E-17
                            0.357000E-06                            0.325873E-17
                            0.359000E-06                            0.215988E-17
                            0.361000E-06                            0.143373E-17
                            0.363000E-06                            0.953137E-18
                            0.365000E-06                            0.634584E-18
                            0.367000E-06                            0.423120E-18
                            0.369000E-06                            0.282535E-18
                            0.371000E-06                            0.188934E-18
                            0.373000E-06                            0.126525E-18
                            0.375000E-06                            0.848514E-19
                            0.377000E-06                            0.569846E-19
                            0.379000E-06                            0.383236E-19
                            0.381000E-06                            0.258096E-19
                            0.383000E-06                            0.174059E-19
                            0.385000E-06                            0.117545E-19
                            0.387000E-06                            0.794890E-20
                            0.389000E-06                            0.538264E-20
                            0.391000E-06                            0.364977E-20
                            0.393000E-06                            0.247807E-20
                            0.395000E-06                            0.168474E-20
                            0.397000E-06                            0.114689E-20
                            0.399000E-06                            0.781766E-21
                            0.401000E-06                            0.533569E-21
