 # Time [s], c_{ex}/c_{th}, total number of produced vacancies/c_{th}, total number of annihilated vacancies /c_{th}
                            0.000000E+00                                     NaN                                Infinity                                     NaN
                            0.100000E-02                            0.000000E+00                            0.000000E+00                            0.000000E+00
                            0.990001E-01                            0.000000E+00                            0.000000E+00                            0.000000E+00
                            0.199000E+00                            0.000000E+00                            0.000000E+00                            0.000000E+00
                            0.299000E+00                            0.000000E+00                            0.000000E+00                            0.000000E+00
                            0.399000E+00                            0.000000E+00                            0.000000E+00                            0.000000E+00
                            0.499000E+00                            0.000000E+00                            0.000000E+00                            0.000000E+00
                            0.599000E+00                            0.000000E+00                            0.000000E+00                            0.000000E+00
                            0.699001E+00                            0.000000E+00                            0.000000E+00                            0.000000E+00
                            0.799001E+00                            0.000000E+00                            0.000000E+00                            0.000000E+00
                            0.899001E+00                            0.000000E+00                            0.000000E+00                            0.000000E+00
                            0.999000E+00                            0.000000E+00                            0.000000E+00                            0.000000E+00
                            0.109900E+01                            0.000000E+00                            0.000000E+00                            0.000000E+00
