  # Bin [m], Precipitate density distribution [/m^4]
                            0.320627E-09                            0.000000E+00
                            0.325087E-09                            0.000000E+00
                            0.329610E-09                            0.000000E+00
                            0.334195E-09                            0.000000E+00
                            0.338844E-09                            0.000000E+00
                            0.343558E-09                            0.000000E+00
                            0.348337E-09                            0.000000E+00
                            0.353183E-09                            0.000000E+00
                            0.358096E-09                            0.000000E+00
                            0.363078E-09                            0.000000E+00
                            0.368129E-09                            0.000000E+00
                            0.373250E-09                            0.000000E+00
                            0.378443E-09                            0.000000E+00
                            0.383707E-09                            0.000000E+00
                            0.389045E-09                            0.000000E+00
                            0.394457E-09                            0.000000E+00
                            0.399945E-09                            0.000000E+00
                            0.405509E-09                            0.000000E+00
                            0.411150E-09                            0.000000E+00
                            0.416869E-09                            0.000000E+00
                            0.422669E-09                            0.000000E+00
                            0.428549E-09                            0.000000E+00
                            0.434510E-09                            0.000000E+00
                            0.440555E-09                            0.000000E+00
                            0.446684E-09                            0.000000E+00
                            0.452898E-09                            0.000000E+00
                            0.459198E-09                            0.000000E+00
                            0.465586E-09                            0.000000E+00
                            0.472063E-09                            0.000000E+00
                            0.478630E-09                            0.000000E+00
                            0.485289E-09                            0.000000E+00
                            0.492040E-09                            0.000000E+00
                            0.498884E-09                            0.000000E+00
                            0.505825E-09                            0.000000E+00
                            0.512861E-09                            0.000000E+00
                            0.519996E-09                            0.000000E+00
                            0.527230E-09                            0.000000E+00
                            0.534564E-09                            0.000000E+00
                            0.542001E-09                            0.000000E+00
                            0.549541E-09                            0.000000E+00
                            0.557186E-09                            0.000000E+00
                            0.564937E-09                            0.000000E+00
                            0.572796E-09                            0.000000E+00
                            0.580764E-09                            0.000000E+00
                            0.588844E-09                            0.000000E+00
                            0.597035E-09                            0.000000E+00
                            0.605341E-09                            0.000000E+00
                            0.613762E-09                            0.000000E+00
                            0.622300E-09                            0.000000E+00
                            0.630957E-09                            0.000000E+00
                            0.639735E-09                            0.000000E+00
                            0.648634E-09                            0.000000E+00
                            0.657658E-09                            0.000000E+00
                            0.666807E-09                            0.000000E+00
                            0.676083E-09                            0.000000E+00
                            0.685488E-09                            0.000000E+00
                            0.695024E-09                            0.000000E+00
                            0.704693E-09                            0.000000E+00
                            0.714496E-09                            0.000000E+00
                            0.724436E-09                            0.000000E+00
                            0.734514E-09                            0.000000E+00
                            0.744732E-09                            0.000000E+00
                            0.755092E-09                            0.000000E+00
                            0.765597E-09                            0.000000E+00
                            0.776247E-09                            0.000000E+00
                            0.787046E-09                            0.000000E+00
                            0.797995E-09                            0.000000E+00
                            0.809096E-09                            0.000000E+00
                            0.820352E-09                            0.000000E+00
                            0.831764E-09                            0.000000E+00
                            0.843335E-09                            0.000000E+00
                            0.855067E-09                            0.000000E+00
                            0.866962E-09                            0.000000E+00
                            0.879023E-09                            0.000000E+00
                            0.891251E-09                            0.000000E+00
                            0.903649E-09                            0.000000E+00
                            0.916220E-09                            0.000000E+00
                            0.928966E-09                            0.000000E+00
                            0.941890E-09                            0.000000E+00
                            0.954993E-09                            0.000000E+00
                            0.968278E-09                            0.000000E+00
                            0.981748E-09                            0.000000E+00
                            0.995405E-09                            0.000000E+00
                            0.100925E-08                            0.000000E+00
                            0.102329E-08                            0.000000E+00
                            0.103753E-08                            0.000000E+00
                            0.105196E-08                            0.000000E+00
                            0.106660E-08                            0.000000E+00
                            0.108143E-08                            0.000000E+00
                            0.109648E-08                            0.000000E+00
                            0.111173E-08                            0.000000E+00
                            0.112720E-08                            0.000000E+00
                            0.114288E-08                            0.000000E+00
                            0.115878E-08                            0.000000E+00
                            0.117490E-08                            0.000000E+00
                            0.119124E-08                            0.000000E+00
                            0.120781E-08                            0.000000E+00
                            0.122462E-08                            0.000000E+00
                            0.124165E-08                            0.000000E+00
                            0.125893E-08                            0.000000E+00
                            0.127644E-08                            0.000000E+00
                            0.129420E-08                            0.000000E+00
                            0.131220E-08                            0.000000E+00
                            0.133045E-08                            0.000000E+00
                            0.134896E-08                            0.000000E+00
                            0.136773E-08                            0.000000E+00
                            0.138676E-08                            0.000000E+00
                            0.140605E-08                            0.000000E+00
                            0.142561E-08                            0.000000E+00
                            0.144544E-08                            0.000000E+00
                            0.146555E-08                            0.000000E+00
                            0.148594E-08                            0.000000E+00
                            0.150661E-08                            0.000000E+00
                            0.152757E-08                            0.000000E+00
                            0.154882E-08                            0.000000E+00
                            0.157036E-08                            0.000000E+00
                            0.159221E-08                            0.000000E+00
                            0.161436E-08                            0.000000E+00
                            0.163682E-08                            0.000000E+00
                            0.165959E-08                            0.000000E+00
                            0.168267E-08                            0.000000E+00
                            0.170608E-08                            0.000000E+00
                            0.172982E-08                            0.000000E+00
                            0.175388E-08                            0.000000E+00
                            0.177828E-08                            0.000000E+00
                            0.180302E-08                            0.000000E+00
                            0.182810E-08                            0.000000E+00
                            0.185353E-08                            0.000000E+00
                            0.187932E-08                            0.000000E+00
                            0.190546E-08                            0.000000E+00
                            0.193197E-08                            0.000000E+00
                            0.195884E-08                            0.000000E+00
                            0.198609E-08                            0.000000E+00
                            0.201372E-08                            0.000000E+00
                            0.204174E-08                            0.000000E+00
                            0.207014E-08                            0.000000E+00
                            0.209894E-08                            0.000000E+00
                            0.212814E-08                            0.000000E+00
                            0.215774E-08                            0.000000E+00
                            0.218776E-08                            0.000000E+00
                            0.221820E-08                            0.000000E+00
                            0.224905E-08                            0.000000E+00
                            0.228034E-08                            0.000000E+00
                            0.231206E-08                            0.000000E+00
                            0.234423E-08                            0.000000E+00
                            0.237684E-08                            0.000000E+00
                            0.240991E-08                            0.000000E+00
                            0.244343E-08                            0.000000E+00
                            0.247742E-08                            0.000000E+00
                            0.251189E-08                            0.000000E+00
                            0.254683E-08                            0.000000E+00
                            0.258226E-08                            0.000000E+00
                            0.261818E-08                            0.000000E+00
                            0.265461E-08                            0.000000E+00
                            0.269153E-08                            0.000000E+00
                            0.272898E-08                            0.000000E+00
                            0.276694E-08                            0.000000E+00
                            0.280543E-08                            0.000000E+00
                            0.284446E-08                            0.000000E+00
                            0.288403E-08                            0.000000E+00
                            0.292415E-08                            0.000000E+00
                            0.296483E-08                            0.000000E+00
                            0.300608E-08                            0.000000E+00
                            0.304789E-08                            0.000000E+00
                            0.309030E-08                            0.000000E+00
                            0.313329E-08                            0.000000E+00
                            0.317687E-08                            0.000000E+00
                            0.322107E-08                            0.000000E+00
                            0.326588E-08                            0.000000E+00
                            0.331131E-08                            0.000000E+00
                            0.335738E-08                            0.000000E+00
                            0.340408E-08                            0.000000E+00
                            0.345144E-08                            0.000000E+00
                            0.349945E-08                            0.000000E+00
                            0.354813E-08                            0.000000E+00
                            0.359749E-08                            0.000000E+00
                            0.364754E-08                            0.000000E+00
                            0.369828E-08                            0.000000E+00
                            0.374973E-08                            0.000000E+00
                            0.380189E-08                            0.000000E+00
                            0.385478E-08                            0.000000E+00
                            0.390841E-08                            0.000000E+00
                            0.396278E-08                            0.000000E+00
                            0.401791E-08                            0.000000E+00
                            0.407380E-08                            0.000000E+00
                            0.413048E-08                            0.000000E+00
                            0.418794E-08                            0.000000E+00
                            0.424620E-08                            0.000000E+00
                            0.430527E-08                            0.000000E+00
                            0.436516E-08                            0.000000E+00
                            0.442588E-08                            0.000000E+00
                            0.448745E-08                            0.000000E+00
                            0.454988E-08                            0.000000E+00
                            0.461318E-08                            0.000000E+00
                            0.467735E-08                            0.000000E+00
                            0.474242E-08                            0.000000E+00
                            0.480839E-08                            0.000000E+00
                            0.487528E-08                            0.000000E+00
                            0.494311E-08                            0.000000E+00
                            0.501187E-08                            0.000000E+00
                            0.508159E-08                            0.000000E+00
                            0.515229E-08                            0.000000E+00
                            0.522396E-08                            0.000000E+00
                            0.529663E-08                            0.000000E+00
                            0.537032E-08                            0.000000E+00
                            0.544503E-08                            0.000000E+00
                            0.552077E-08                            0.000000E+00
                            0.559758E-08                            0.000000E+00
                            0.567545E-08                            0.000000E+00
                            0.575440E-08                            0.000000E+00
                            0.583445E-08                            0.000000E+00
                            0.591562E-08                            0.000000E+00
                            0.599791E-08                            0.000000E+00
                            0.608135E-08                            0.000000E+00
                            0.616595E-08                            0.000000E+00
                            0.625173E-08                            0.000000E+00
                            0.633870E-08                            0.000000E+00
                            0.642688E-08                            0.000000E+00
                            0.651628E-08                            0.000000E+00
                            0.660693E-08                            0.000000E+00
                            0.669885E-08                            0.000000E+00
                            0.679204E-08                            0.000000E+00
                            0.688652E-08                            0.000000E+00
                            0.698232E-08                            0.000000E+00
                            0.707946E-08                            0.000000E+00
                            0.717794E-08                            0.000000E+00
                            0.727780E-08                            0.000000E+00
                            0.737904E-08                            0.000000E+00
                            0.748170E-08                            0.000000E+00
                            0.758578E-08                            0.000000E+00
                            0.769130E-08                            0.000000E+00
                            0.779830E-08                            0.000000E+00
                            0.790679E-08                            0.000000E+00
                            0.801678E-08                            0.000000E+00
                            0.812831E-08                            0.000000E+00
                            0.824138E-08                            0.000000E+00
                            0.835603E-08                            0.000000E+00
                            0.847227E-08                            0.000000E+00
                            0.859014E-08                            0.000000E+00
                            0.870964E-08                            0.000000E+00
                            0.883080E-08                            0.000000E+00
                            0.895365E-08                            0.000000E+00
                            0.907821E-08                            0.000000E+00
                            0.920450E-08                            0.000000E+00
                            0.933254E-08                            0.000000E+00
                            0.946237E-08                            0.000000E+00
                            0.959401E-08                            0.000000E+00
                            0.972747E-08                            0.000000E+00
                            0.986279E-08                            0.000000E+00
                            0.100000E-07                            0.000000E+00
                            0.101391E-07                            0.000000E+00
                            0.102802E-07                            0.000000E+00
                            0.104232E-07                            0.000000E+00
                            0.105682E-07                            0.000000E+00
                            0.107152E-07                            0.000000E+00
                            0.108643E-07                            0.000000E+00
                            0.110154E-07                            0.000000E+00
                            0.111686E-07                            0.000000E+00
                            0.113240E-07                            0.000000E+00
                            0.114815E-07                            0.000000E+00
                            0.116413E-07                            0.000000E+00
                            0.118032E-07                            0.000000E+00
                            0.119674E-07                            0.000000E+00
                            0.121339E-07                            0.000000E+00
                            0.123027E-07                            0.000000E+00
                            0.124738E-07                            0.000000E+00
                            0.126474E-07                            0.000000E+00
                            0.128233E-07                            0.000000E+00
                            0.130017E-07                            0.000000E+00
                            0.131826E-07                            0.000000E+00
                            0.133660E-07                            0.000000E+00
                            0.135519E-07                            0.000000E+00
                            0.137404E-07                            0.000000E+00
                            0.139316E-07                            0.000000E+00
                            0.141254E-07                            0.000000E+00
                            0.143219E-07                            0.000000E+00
                            0.145211E-07                            0.000000E+00
                            0.147231E-07                            0.000000E+00
                            0.149279E-07                            0.000000E+00
                            0.151356E-07                            0.000000E+00
                            0.153462E-07                            0.000000E+00
                            0.155597E-07                            0.000000E+00
                            0.157761E-07                            0.000000E+00
                            0.159956E-07                            0.000000E+00
                            0.162181E-07                            0.000000E+00
                            0.164437E-07                            0.000000E+00
                            0.166725E-07                            0.000000E+00
                            0.169044E-07                            0.000000E+00
                            0.171396E-07                            0.000000E+00
                            0.173780E-07                            0.000000E+00
                            0.176198E-07                            0.000000E+00
                            0.178649E-07                            0.000000E+00
                            0.181134E-07                            0.000000E+00
                            0.183654E-07                            0.000000E+00
                            0.186209E-07                            0.000000E+00
                            0.188799E-07                            0.000000E+00
                            0.191426E-07                            0.000000E+00
                            0.194089E-07                            0.000000E+00
                            0.196789E-07                            0.000000E+00
                            0.199526E-07                            0.000000E+00
