 # Time [s], Diffusion coefficient [m^2/s] 
                            0.000000E+00                            0.257586E-14
                            0.625000E-04                            0.257586E-14
                            0.990010E-01                            0.257586E-14
                            0.199005E+00                            0.257586E-14
                            0.299001E+00                            0.257586E-14
                            0.399005E+00                            0.257586E-14
                            0.499002E+00                            0.257586E-14
                            0.599005E+00                            0.257586E-14
                            0.699002E+00                            0.257586E-14
                            0.799006E+00                            0.257586E-14
                            0.899003E+00                            0.257586E-14
                            0.999006E+00                            0.257586E-14
