 # Time [s], dislocation density [/m^2]
                            0.000000E+00                            0.100000E+15
                            0.625000E-04                            0.100000E+15
                            0.990010E-01                            0.100000E+15
                            0.199005E+00                            0.100000E+15
                            0.299001E+00                            0.100000E+15
                            0.399005E+00                            0.100000E+15
                            0.499002E+00                            0.100000E+15
                            0.599005E+00                            0.100000E+15
                            0.699002E+00                            0.100000E+15
                            0.799006E+00                            0.100000E+15
                            0.899003E+00                            0.100000E+15
                            0.999006E+00                            0.100000E+15
