  # Bin [m], Precipitate density distribution [/m^4]
                            0.450000E-07                            0.000000E+00
                            0.500000E-07                            0.000000E+00
                            0.550000E-07                            0.000000E+00
                            0.600000E-07                            0.000000E+00
                            0.650000E-07                            0.463731E-72
                            0.700000E-07                            0.334774E-69
                            0.750000E-07                            0.135626E-66
                            0.800000E-07                            0.334808E-64
                            0.850000E-07                            0.538231E-62
                            0.900000E-07                            0.594916E-60
                            0.950000E-07                            0.472914E-58
                            0.100000E-06                            0.280721E-56
                            0.105000E-06                            0.128443E-54
                            0.110000E-06                            0.465392E-53
                            0.115000E-06                            0.136665E-51
                            0.120000E-06                            0.331827E-50
                            0.125000E-06                            0.677846E-49
                            0.130000E-06                            0.118281E-47
                            0.135000E-06                            0.178672E-46
                            0.140000E-06                            0.236419E-45
                            0.145000E-06                            0.276905E-44
                            0.150000E-06                            0.289767E-43
                            0.155000E-06                            0.273185E-42
                            0.160000E-06                            0.233777E-41
                            0.165000E-06                            0.182815E-40
                            0.170000E-06                            0.131440E-39
                            0.175000E-06                            0.873677E-39
                            0.180000E-06                            0.539580E-38
                            0.185000E-06                            0.311050E-37
                            0.190000E-06                            0.168068E-36
                            0.195000E-06                            0.854451E-36
                            0.200000E-06                            0.410164E-35
                            0.205000E-06                            0.186510E-34
                            0.210000E-06                            0.805770E-34
                            0.215000E-06                            0.331652E-33
                            0.220000E-06                            0.130383E-32
                            0.225000E-06                            0.490741E-32
                            0.230000E-06                            0.177226E-31
                            0.235000E-06                            0.615362E-31
                            0.240000E-06                            0.205821E-30
                            0.245000E-06                            0.664308E-30
                            0.250000E-06                            0.207249E-29
                            0.255000E-06                            0.625934E-29
                            0.260000E-06                            0.183277E-28
                            0.265000E-06                            0.520984E-28
                            0.270000E-06                            0.143955E-27
                            0.275000E-06                            0.387118E-27
                            0.280000E-06                            0.101428E-26
                            0.285000E-06                            0.259203E-26
                            0.290000E-06                            0.646725E-26
                            0.295000E-06                            0.157692E-25
                            0.300000E-06                            0.376100E-25
                            0.305000E-06                            0.878142E-25
                            0.310000E-06                            0.200883E-24
                            0.315000E-06                            0.450577E-24
                            0.320000E-06                            0.991644E-24
                            0.325000E-06                            0.214289E-23
                            0.330000E-06                            0.454972E-23
                            0.335000E-06                            0.949683E-23
                            0.340000E-06                            0.195001E-22
                            0.345000E-06                            0.394095E-22
                            0.350000E-06                            0.784342E-22
                            0.355000E-06                            0.153805E-21
                            0.360000E-06                            0.297306E-21
                            0.365000E-06                            0.566774E-21
                            0.370000E-06                            0.106605E-20
                            0.375000E-06                            0.197923E-20
                            0.380000E-06                            0.362859E-20
                            0.385000E-06                            0.657157E-20
                            0.390000E-06                            0.117612E-19
                            0.395000E-06                            0.208086E-19
                            0.400000E-06                            0.364073E-19
                            0.405000E-06                            0.630128E-19
                            0.410000E-06                            0.107920E-18
                            0.415000E-06                            0.182952E-18
                            0.420000E-06                            0.307086E-18
                            0.425000E-06                            0.510494E-18
                            0.430000E-06                            0.840711E-18
                            0.435000E-06                            0.137195E-17
                            0.440000E-06                            0.221907E-17
                            0.445000E-06                            0.355838E-17
                            0.450000E-06                            0.565819E-17
                            0.455000E-06                            0.892369E-17
                            0.460000E-06                            0.139619E-16
                            0.465000E-06                            0.216754E-16
                            0.470000E-06                            0.333963E-16
                            0.475000E-06                            0.510764E-16
                            0.480000E-06                            0.775556E-16
                            0.485000E-06                            0.116938E-15
                            0.490000E-06                            0.175113E-15
                            0.495000E-06                            0.260482E-15
                            0.500000E-06                            0.384946E-15
                            0.505000E-06                            0.565269E-15
                            0.510000E-06                            0.824911E-15
                            0.515000E-06                            0.119652E-14
                            0.520000E-06                            0.172525E-14
                            0.525000E-06                            0.247323E-14
                            0.530000E-06                            0.352545E-14
                            0.535000E-06                            0.499756E-14
                            0.540000E-06                            0.704607E-14
                            0.545000E-06                            0.988177E-14
                            0.550000E-06                            0.137870E-13
                            0.555000E-06                            0.191384E-13
                            0.560000E-06                            0.264353E-13
                            0.565000E-06                            0.363375E-13
                            0.570000E-06                            0.497121E-13
                            0.575000E-06                            0.676937E-13
                            0.580000E-06                            0.917605E-13
                            0.585000E-06                            0.123830E-12
                            0.590000E-06                            0.166379E-12
                            0.595000E-06                            0.222594E-12
                            0.600000E-06                            0.296555E-12
                            0.605000E-06                            0.393471E-12
                            0.610000E-06                            0.519961E-12
                            0.615000E-06                            0.684407E-12
                            0.620000E-06                            0.897381E-12
                            0.625000E-06                            0.117217E-11
                            0.630000E-06                            0.152542E-11
                            0.635000E-06                            0.197788E-11
                            0.640000E-06                            0.255539E-11
                            0.645000E-06                            0.328994E-11
                            0.650000E-06                            0.422105E-11
                            0.655000E-06                            0.539740E-11
                            0.660000E-06                            0.687870E-11
                            0.665000E-06                            0.873801E-11
                            0.670000E-06                            0.110644E-10
                            0.675000E-06                            0.139663E-10
                            0.680000E-06                            0.175749E-10
                            0.685000E-06                            0.220489E-10
                            0.690000E-06                            0.275797E-10
                            0.695000E-06                            0.343972E-10
                            0.700000E-06                            0.427768E-10
                            0.705000E-06                            0.530478E-10
                            0.710000E-06                            0.656027E-10
                            0.715000E-06                            0.809082E-10
                            0.720000E-06                            0.995174E-10
                            0.725000E-06                            0.122085E-09
                            0.730000E-06                            0.149383E-09
                            0.735000E-06                            0.182319E-09
                            0.740000E-06                            0.221961E-09
                            0.745000E-06                            0.269558E-09
                            0.750000E-06                            0.326570E-09
                            0.755000E-06                            0.394698E-09
                            0.760000E-06                            0.475923E-09
                            0.765000E-06                            0.572541E-09
                            0.770000E-06                            0.687213E-09
                            0.775000E-06                            0.823013E-09
                            0.780000E-06                            0.983484E-09
                            0.785000E-06                            0.117271E-08
                            0.790000E-06                            0.139536E-08
                            0.795000E-06                            0.165682E-08
                            0.800000E-06                            0.196321E-08
                            0.805000E-06                            0.232155E-08
                            0.810000E-06                            0.273980E-08
                            0.815000E-06                            0.322705E-08
                            0.820000E-06                            0.379358E-08
                            0.825000E-06                            0.445107E-08
                            0.830000E-06                            0.521270E-08
                            0.835000E-06                            0.609334E-08
                            0.840000E-06                            0.710977E-08
                            0.845000E-06                            0.828084E-08
                            0.850000E-06                            0.962773E-08
                            0.855000E-06                            0.111742E-07
                            0.860000E-06                            0.129467E-07
                            0.865000E-06                            0.149749E-07
                            0.870000E-06                            0.172920E-07
                            0.875000E-06                            0.199347E-07
                            0.880000E-06                            0.229440E-07
                            0.885000E-06                            0.263654E-07
                            0.890000E-06                            0.302491E-07
                            0.895000E-06                            0.346509E-07
                            0.900000E-06                            0.396324E-07
                            0.905000E-06                            0.452615E-07
                            0.910000E-06                            0.516130E-07
                            0.915000E-06                            0.587692E-07
                            0.920000E-06                            0.668205E-07
                            0.925000E-06                            0.758661E-07
                            0.930000E-06                            0.860146E-07
                            0.935000E-06                            0.973848E-07
                            0.940000E-06                            0.110107E-06
                            0.945000E-06                            0.124321E-06
                            0.950000E-06                            0.140183E-06
                            0.955000E-06                            0.157861E-06
                            0.960000E-06                            0.177536E-06
                            0.965000E-06                            0.199406E-06
                            0.970000E-06                            0.223686E-06
                            0.975000E-06                            0.250608E-06
                            0.980000E-06                            0.280424E-06
                            0.985000E-06                            0.313404E-06
                            0.990000E-06                            0.349840E-06
                            0.995000E-06                            0.390048E-06
                            0.100000E-05                            0.434367E-06
                            0.100500E-05                            0.483160E-06
                            0.101000E-05                            0.536819E-06
                            0.101500E-05                            0.595763E-06
                            0.102000E-05                            0.660440E-06
                            0.102500E-05                            0.731333E-06
                            0.103000E-05                            0.808953E-06
                            0.103500E-05                            0.893848E-06
                            0.104000E-05                            0.986604E-06
                            0.104500E-05                            0.108784E-05
                            0.105000E-05                            0.119823E-05
                            0.105500E-05                            0.131846E-05
                            0.106000E-05                            0.144929E-05
                            0.106500E-05                            0.159150E-05
                            0.107000E-05                            0.174595E-05
                            0.107500E-05                            0.191352E-05
                            0.108000E-05                            0.209514E-05
                            0.108500E-05                            0.229182E-05
                            0.109000E-05                            0.250460E-05
                            0.109500E-05                            0.273459E-05
                            0.110000E-05                            0.298295E-05
                            0.110500E-05                            0.325091E-05
                            0.111000E-05                            0.353976E-05
                            0.111500E-05                            0.385085E-05
                            0.112000E-05                            0.418559E-05
                            0.112500E-05                            0.454549E-05
                            0.113000E-05                            0.493210E-05
                            0.113500E-05                            0.534705E-05
                            0.114000E-05                            0.579205E-05
                            0.114500E-05                            0.626887E-05
                            0.115000E-05                            0.677939E-05
                            0.115500E-05                            0.732554E-05
                            0.116000E-05                            0.790934E-05
                            0.116500E-05                            0.853289E-05
                            0.117000E-05                            0.919838E-05
                            0.117500E-05                            0.990809E-05
                            0.118000E-05                            0.106644E-04
                            0.118500E-05                            0.114697E-04
                            0.119000E-05                            0.123265E-04
                            0.119500E-05                            0.132375E-04
                            0.120000E-05                            0.142054E-04
                            0.120500E-05                            0.152331E-04
                            0.121000E-05                            0.163233E-04
                            0.121500E-05                            0.174791E-04
                            0.122000E-05                            0.187036E-04
                            0.122500E-05                            0.200000E-04
                            0.123000E-05                            0.213714E-04
                            0.123500E-05                            0.228214E-04
                            0.124000E-05                            0.243533E-04
                            0.124500E-05                            0.259708E-04
                            0.125000E-05                            0.276773E-04
                            0.125500E-05                            0.294768E-04
                            0.126000E-05                            0.313730E-04
                            0.126500E-05                            0.333697E-04
                            0.127000E-05                            0.354711E-04
                            0.127500E-05                            0.376812E-04
                            0.128000E-05                            0.400042E-04
                            0.128500E-05                            0.424443E-04
                            0.129000E-05                            0.450059E-04
                            0.129500E-05                            0.476934E-04
                            0.130000E-05                            0.505113E-04
                            0.130500E-05                            0.534642E-04
                            0.131000E-05                            0.565567E-04
                            0.131500E-05                            0.597935E-04
                            0.132000E-05                            0.631794E-04
                            0.132500E-05                            0.667192E-04
                            0.133000E-05                            0.704179E-04
                            0.133500E-05                            0.742804E-04
                            0.134000E-05                            0.783117E-04
                            0.134500E-05                            0.825168E-04
                            0.135000E-05                            0.869009E-04
                            0.135500E-05                            0.914691E-04
                            0.136000E-05                            0.962266E-04
                            0.136500E-05                            0.101178E-03
                            0.137000E-05                            0.106330E-03
                            0.137500E-05                            0.111687E-03
                            0.138000E-05                            0.117254E-03
                            0.138500E-05                            0.123036E-03
                            0.139000E-05                            0.129039E-03
                            0.139500E-05                            0.135268E-03
                            0.140000E-05                            0.141729E-03
                            0.140500E-05                            0.148426E-03
                            0.141000E-05                            0.155365E-03
                            0.141500E-05                            0.162551E-03
                            0.142000E-05                            0.169989E-03
                            0.142500E-05                            0.177685E-03
                            0.143000E-05                            0.185644E-03
                            0.143500E-05                            0.193870E-03
                            0.144000E-05                            0.202368E-03
                            0.144500E-05                            0.211144E-03
                            0.145000E-05                            0.220203E-03
                            0.145500E-05                            0.229549E-03
                            0.146000E-05                            0.239187E-03
                            0.146500E-05                            0.249122E-03
                            0.147000E-05                            0.259358E-03
                            0.147500E-05                            0.269900E-03
                            0.148000E-05                            0.280752E-03
                            0.148500E-05                            0.291918E-03
                            0.149000E-05                            0.303403E-03
                            0.149500E-05                            0.315210E-03
                            0.150000E-05                            0.327343E-03
                            0.150500E-05                            0.339807E-03
                            0.151000E-05                            0.352604E-03
                            0.151500E-05                            0.365738E-03
                            0.152000E-05                            0.379213E-03
                            0.152500E-05                            0.393032E-03
                            0.153000E-05                            0.407196E-03
                            0.153500E-05                            0.421711E-03
                            0.154000E-05                            0.436577E-03
                            0.154500E-05                            0.451798E-03
                            0.155000E-05                            0.467375E-03
                            0.155500E-05                            0.483311E-03
                            0.156000E-05                            0.499608E-03
                            0.156500E-05                            0.516267E-03
                            0.157000E-05                            0.533290E-03
                            0.157500E-05                            0.550678E-03
                            0.158000E-05                            0.568432E-03
                            0.158500E-05                            0.586553E-03
                            0.159000E-05                            0.605041E-03
                            0.159500E-05                            0.623898E-03
                            0.160000E-05                            0.643122E-03
                            0.160500E-05                            0.662715E-03
                            0.161000E-05                            0.682675E-03
                            0.161500E-05                            0.703002E-03
                            0.162000E-05                            0.723696E-03
                            0.162500E-05                            0.744756E-03
                            0.163000E-05                            0.766179E-03
                            0.163500E-05                            0.787966E-03
                            0.164000E-05                            0.810113E-03
                            0.164500E-05                            0.832619E-03
                            0.165000E-05                            0.855483E-03
                            0.165500E-05                            0.878700E-03
                            0.166000E-05                            0.902269E-03
                            0.166500E-05                            0.926187E-03
                            0.167000E-05                            0.950450E-03
                            0.167500E-05                            0.975055E-03
                            0.168000E-05                            0.999999E-03
                            0.168500E-05                            0.102528E-02
                            0.169000E-05                            0.105088E-02
                            0.169500E-05                            0.107682E-02
                            0.170000E-05                            0.110307E-02
                            0.170500E-05                            0.112964E-02
                            0.171000E-05                            0.115653E-02
                            0.171500E-05                            0.118371E-02
                            0.172000E-05                            0.121120E-02
                            0.172500E-05                            0.123899E-02
                            0.173000E-05                            0.126706E-02
                            0.173500E-05                            0.129541E-02
                            0.174000E-05                            0.132404E-02
                            0.174500E-05                            0.135294E-02
                            0.175000E-05                            0.138210E-02
                            0.175500E-05                            0.141151E-02
                            0.176000E-05                            0.144117E-02
                            0.176500E-05                            0.147107E-02
                            0.177000E-05                            0.150121E-02
                            0.177500E-05                            0.153157E-02
                            0.178000E-05                            0.156214E-02
                            0.178500E-05                            0.159293E-02
                            0.179000E-05                            0.162391E-02
                            0.179500E-05                            0.165508E-02
                            0.180000E-05                            0.168644E-02
                            0.180500E-05                            0.171797E-02
                            0.181000E-05                            0.174967E-02
                            0.181500E-05                            0.178152E-02
                            0.182000E-05                            0.181352E-02
                            0.182500E-05                            0.184565E-02
                            0.183000E-05                            0.187791E-02
                            0.183500E-05                            0.191029E-02
                            0.184000E-05                            0.194278E-02
                            0.184500E-05                            0.197536E-02
                            0.185000E-05                            0.200803E-02
                            0.185500E-05                            0.204078E-02
                            0.186000E-05                            0.207360E-02
                            0.186500E-05                            0.210647E-02
                            0.187000E-05                            0.213940E-02
                            0.187500E-05                            0.217235E-02
                            0.188000E-05                            0.220534E-02
                            0.188500E-05                            0.223834E-02
                            0.189000E-05                            0.227135E-02
                            0.189500E-05                            0.230435E-02
                            0.190000E-05                            0.233733E-02
                            0.190500E-05                            0.237029E-02
                            0.191000E-05                            0.240322E-02
                            0.191500E-05                            0.243609E-02
                            0.192000E-05                            0.246891E-02
                            0.192500E-05                            0.250166E-02
                            0.193000E-05                            0.253433E-02
                            0.193500E-05                            0.256691E-02
                            0.194000E-05                            0.259939E-02
                            0.194500E-05                            0.263176E-02
                            0.195000E-05                            0.266400E-02
                            0.195500E-05                            0.269612E-02
                            0.196000E-05                            0.272809E-02
                            0.196500E-05                            0.275991E-02
                            0.197000E-05                            0.279157E-02
                            0.197500E-05                            0.282306E-02
                            0.198000E-05                            0.285436E-02
                            0.198500E-05                            0.288548E-02
                            0.199000E-05                            0.291639E-02
                            0.199500E-05                            0.294708E-02
                            0.200000E-05                            0.297756E-02
                            0.200500E-05                            0.300780E-02
                            0.201000E-05                            0.303780E-02
                            0.201500E-05                            0.306755E-02
                            0.202000E-05                            0.309705E-02
                            0.202500E-05                            0.312627E-02
                            0.203000E-05                            0.315522E-02
                            0.203500E-05                            0.318387E-02
                            0.204000E-05                            0.321224E-02
                            0.204500E-05                            0.324030E-02
                            0.205000E-05                            0.326805E-02
                            0.205500E-05                            0.329547E-02
                            0.206000E-05                            0.332257E-02
                            0.206500E-05                            0.334934E-02
                            0.207000E-05                            0.337576E-02
                            0.207500E-05                            0.340182E-02
                            0.208000E-05                            0.342753E-02
                            0.208500E-05                            0.345287E-02
                            0.209000E-05                            0.347784E-02
                            0.209500E-05                            0.350243E-02
                            0.210000E-05                            0.352663E-02
                            0.210500E-05                            0.355043E-02
                            0.211000E-05                            0.357384E-02
                            0.211500E-05                            0.359684E-02
                            0.212000E-05                            0.361943E-02
                            0.212500E-05                            0.364160E-02
                            0.213000E-05                            0.366335E-02
                            0.213500E-05                            0.368467E-02
                            0.214000E-05                            0.370556E-02
                            0.214500E-05                            0.372600E-02
                            0.215000E-05                            0.374601E-02
                            0.215500E-05                            0.376556E-02
                            0.216000E-05                            0.378467E-02
                            0.216500E-05                            0.380331E-02
                            0.217000E-05                            0.382150E-02
                            0.217500E-05                            0.383922E-02
                            0.218000E-05                            0.385648E-02
                            0.218500E-05                            0.387326E-02
                            0.219000E-05                            0.388957E-02
                            0.219500E-05                            0.390540E-02
                            0.220000E-05                            0.392075E-02
                            0.220500E-05                            0.393562E-02
                            0.221000E-05                            0.395001E-02
                            0.221500E-05                            0.396391E-02
                            0.222000E-05                            0.397732E-02
                            0.222500E-05                            0.399023E-02
                            0.223000E-05                            0.400266E-02
                            0.223500E-05                            0.401459E-02
                            0.224000E-05                            0.402603E-02
                            0.224500E-05                            0.403698E-02
                            0.225000E-05                            0.404743E-02
                            0.225500E-05                            0.405738E-02
                            0.226000E-05                            0.406683E-02
                            0.226500E-05                            0.407579E-02
                            0.227000E-05                            0.408425E-02
                            0.227500E-05                            0.409221E-02
                            0.228000E-05                            0.409968E-02
                            0.228500E-05                            0.410665E-02
                            0.229000E-05                            0.411312E-02
                            0.229500E-05                            0.411910E-02
                            0.230000E-05                            0.412459E-02
                            0.230500E-05                            0.412959E-02
                            0.231000E-05                            0.413409E-02
                            0.231500E-05                            0.413811E-02
                            0.232000E-05                            0.414164E-02
                            0.232500E-05                            0.414468E-02
                            0.233000E-05                            0.414724E-02
                            0.233500E-05                            0.414932E-02
                            0.234000E-05                            0.415092E-02
                            0.234500E-05                            0.415204E-02
                            0.235000E-05                            0.415269E-02
                            0.235500E-05                            0.415287E-02
                            0.236000E-05                            0.415258E-02
                            0.236500E-05                            0.415183E-02
                            0.237000E-05                            0.415061E-02
                            0.237500E-05                            0.414894E-02
                            0.238000E-05                            0.414681E-02
                            0.238500E-05                            0.414423E-02
                            0.239000E-05                            0.414121E-02
                            0.239500E-05                            0.413774E-02
                            0.240000E-05                            0.413383E-02
                            0.240500E-05                            0.412948E-02
                            0.241000E-05                            0.412470E-02
                            0.241500E-05                            0.411950E-02
                            0.242000E-05                            0.411387E-02
                            0.242500E-05                            0.410782E-02
                            0.243000E-05                            0.410136E-02
                            0.243500E-05                            0.409449E-02
                            0.244000E-05                            0.408721E-02
                            0.244500E-05                            0.407954E-02
                            0.245000E-05                            0.407147E-02
                            0.245500E-05                            0.406300E-02
                            0.246000E-05                            0.405416E-02
                            0.246500E-05                            0.404493E-02
                            0.247000E-05                            0.403533E-02
                            0.247500E-05                            0.402536E-02
                            0.248000E-05                            0.401502E-02
                            0.248500E-05                            0.400433E-02
                            0.249000E-05                            0.399328E-02
                            0.249500E-05                            0.398188E-02
                            0.250000E-05                            0.397014E-02
                            0.250500E-05                            0.395806E-02
                            0.251000E-05                            0.394565E-02
                            0.251500E-05                            0.393291E-02
                            0.252000E-05                            0.391986E-02
                            0.252500E-05                            0.390648E-02
                            0.253000E-05                            0.389280E-02
                            0.253500E-05                            0.387882E-02
                            0.254000E-05                            0.386453E-02
                            0.254500E-05                            0.384996E-02
                            0.255000E-05                            0.383510E-02
                            0.255500E-05                            0.381996E-02
                            0.256000E-05                            0.380454E-02
                            0.256500E-05                            0.378885E-02
                            0.257000E-05                            0.377291E-02
                            0.257500E-05                            0.375670E-02
                            0.258000E-05                            0.374024E-02
                            0.258500E-05                            0.372354E-02
                            0.259000E-05                            0.370660E-02
                            0.259500E-05                            0.368942E-02
                            0.260000E-05                            0.367202E-02
                            0.260500E-05                            0.365439E-02
                            0.261000E-05                            0.363655E-02
                            0.261500E-05                            0.361850E-02
                            0.262000E-05                            0.360024E-02
                            0.262500E-05                            0.358178E-02
                            0.263000E-05                            0.356313E-02
                            0.263500E-05                            0.354429E-02
                            0.264000E-05                            0.352527E-02
                            0.264500E-05                            0.350607E-02
                            0.265000E-05                            0.348670E-02
                            0.265500E-05                            0.346717E-02
                            0.266000E-05                            0.344748E-02
                            0.266500E-05                            0.342763E-02
                            0.267000E-05                            0.340764E-02
                            0.267500E-05                            0.338750E-02
                            0.268000E-05                            0.336722E-02
                            0.268500E-05                            0.334682E-02
                            0.269000E-05                            0.332628E-02
                            0.269500E-05                            0.330562E-02
                            0.270000E-05                            0.328485E-02
                            0.270500E-05                            0.326397E-02
                            0.271000E-05                            0.324298E-02
                            0.271500E-05                            0.322189E-02
                            0.272000E-05                            0.320071E-02
                            0.272500E-05                            0.317943E-02
                            0.273000E-05                            0.315807E-02
                            0.273500E-05                            0.313663E-02
                            0.274000E-05                            0.311511E-02
                            0.274500E-05                            0.309352E-02
                            0.275000E-05                            0.307187E-02
                            0.275500E-05                            0.305015E-02
                            0.276000E-05                            0.302838E-02
                            0.276500E-05                            0.300655E-02
                            0.277000E-05                            0.298468E-02
                            0.277500E-05                            0.296277E-02
                            0.278000E-05                            0.294081E-02
                            0.278500E-05                            0.291882E-02
                            0.279000E-05                            0.289681E-02
                            0.279500E-05                            0.287476E-02
                            0.280000E-05                            0.285270E-02
                            0.280500E-05                            0.283062E-02
                            0.281000E-05                            0.280852E-02
                            0.281500E-05                            0.278642E-02
                            0.282000E-05                            0.276431E-02
                            0.282500E-05                            0.274220E-02
                            0.283000E-05                            0.272009E-02
                            0.283500E-05                            0.269799E-02
                            0.284000E-05                            0.267590E-02
                            0.284500E-05                            0.265382E-02
                            0.285000E-05                            0.263176E-02
                            0.285500E-05                            0.260972E-02
                            0.286000E-05                            0.258771E-02
                            0.286500E-05                            0.256572E-02
                            0.287000E-05                            0.254377E-02
                            0.287500E-05                            0.252184E-02
                            0.288000E-05                            0.249996E-02
                            0.288500E-05                            0.247812E-02
                            0.289000E-05                            0.245632E-02
                            0.289500E-05                            0.243457E-02
                            0.290000E-05                            0.241286E-02
                            0.290500E-05                            0.239122E-02
                            0.291000E-05                            0.236962E-02
                            0.291500E-05                            0.234809E-02
                            0.292000E-05                            0.232661E-02
                            0.292500E-05                            0.230520E-02
                            0.293000E-05                            0.228386E-02
                            0.293500E-05                            0.226258E-02
                            0.294000E-05                            0.224138E-02
                            0.294500E-05                            0.222025E-02
                            0.295000E-05                            0.219919E-02
                            0.295500E-05                            0.217822E-02
                            0.296000E-05                            0.215733E-02
                            0.296500E-05                            0.213651E-02
                            0.297000E-05                            0.211579E-02
                            0.297500E-05                            0.209515E-02
                            0.298000E-05                            0.207460E-02
                            0.298500E-05                            0.205414E-02
                            0.299000E-05                            0.203377E-02
                            0.299500E-05                            0.201350E-02
                            0.300000E-05                            0.199333E-02
                            0.300500E-05                            0.197325E-02
                            0.301000E-05                            0.195327E-02
                            0.301500E-05                            0.193340E-02
                            0.302000E-05                            0.191362E-02
                            0.302500E-05                            0.189396E-02
                            0.303000E-05                            0.187440E-02
                            0.303500E-05                            0.185494E-02
                            0.304000E-05                            0.183560E-02
                            0.304500E-05                            0.181637E-02
                            0.305000E-05                            0.179724E-02
                            0.305500E-05                            0.177823E-02
                            0.306000E-05                            0.175934E-02
                            0.306500E-05                            0.174056E-02
                            0.307000E-05                            0.172189E-02
                            0.307500E-05                            0.170334E-02
                            0.308000E-05                            0.168492E-02
                            0.308500E-05                            0.166661E-02
                            0.309000E-05                            0.164841E-02
                            0.309500E-05                            0.163035E-02
                            0.310000E-05                            0.161240E-02
                            0.310500E-05                            0.159457E-02
                            0.311000E-05                            0.157687E-02
                            0.311500E-05                            0.155929E-02
                            0.312000E-05                            0.154184E-02
                            0.312500E-05                            0.152451E-02
                            0.313000E-05                            0.150731E-02
                            0.313500E-05                            0.149023E-02
                            0.314000E-05                            0.147328E-02
                            0.314500E-05                            0.145645E-02
                            0.315000E-05                            0.143976E-02
                            0.315500E-05                            0.142319E-02
                            0.316000E-05                            0.140675E-02
                            0.316500E-05                            0.139044E-02
                            0.317000E-05                            0.137426E-02
                            0.317500E-05                            0.135820E-02
                            0.318000E-05                            0.134228E-02
                            0.318500E-05                            0.132648E-02
                            0.319000E-05                            0.131082E-02
                            0.319500E-05                            0.129528E-02
                            0.320000E-05                            0.127987E-02
                            0.320500E-05                            0.126460E-02
                            0.321000E-05                            0.124945E-02
                            0.321500E-05                            0.123443E-02
                            0.322000E-05                            0.121955E-02
                            0.322500E-05                            0.120479E-02
                            0.323000E-05                            0.119016E-02
                            0.323500E-05                            0.117566E-02
                            0.324000E-05                            0.116129E-02
                            0.324500E-05                            0.114705E-02
                            0.325000E-05                            0.113294E-02
                            0.325500E-05                            0.111896E-02
                            0.326000E-05                            0.110510E-02
                            0.326500E-05                            0.109138E-02
                            0.327000E-05                            0.107778E-02
                            0.327500E-05                            0.106431E-02
                            0.328000E-05                            0.105097E-02
                            0.328500E-05                            0.103775E-02
                            0.329000E-05                            0.102466E-02
                            0.329500E-05                            0.101170E-02
                            0.330000E-05                            0.998862E-03
                            0.330500E-05                            0.986150E-03
                            0.331000E-05                            0.973563E-03
                            0.331500E-05                            0.961100E-03
                            0.332000E-05                            0.948762E-03
                            0.332500E-05                            0.936547E-03
                            0.333000E-05                            0.924455E-03
                            0.333500E-05                            0.912486E-03
                            0.334000E-05                            0.900639E-03
                            0.334500E-05                            0.888913E-03
                            0.335000E-05                            0.877308E-03
                            0.335500E-05                            0.865823E-03
                            0.336000E-05                            0.854458E-03
                            0.336500E-05                            0.843212E-03
                            0.337000E-05                            0.832085E-03
                            0.337500E-05                            0.821075E-03
                            0.338000E-05                            0.810183E-03
                            0.338500E-05                            0.799407E-03
                            0.339000E-05                            0.788747E-03
                            0.339500E-05                            0.778203E-03
                            0.340000E-05                            0.767773E-03
                            0.340500E-05                            0.757456E-03
                            0.341000E-05                            0.747253E-03
                            0.341500E-05                            0.737163E-03
                            0.342000E-05                            0.727184E-03
                            0.342500E-05                            0.717317E-03
                            0.343000E-05                            0.707559E-03
                            0.343500E-05                            0.697912E-03
                            0.344000E-05                            0.688373E-03
                            0.344500E-05                            0.678942E-03
                            0.345000E-05                            0.669619E-03
                            0.345500E-05                            0.660402E-03
                            0.346000E-05                            0.651291E-03
                            0.346500E-05                            0.642285E-03
                            0.347000E-05                            0.633384E-03
                            0.347500E-05                            0.624586E-03
                            0.348000E-05                            0.615890E-03
                            0.348500E-05                            0.607297E-03
                            0.349000E-05                            0.598805E-03
                            0.349500E-05                            0.590413E-03
                            0.350000E-05                            0.582121E-03
                            0.350500E-05                            0.573927E-03
                            0.351000E-05                            0.565832E-03
                            0.351500E-05                            0.557834E-03
                            0.352000E-05                            0.549932E-03
                            0.352500E-05                            0.542126E-03
                            0.353000E-05                            0.534414E-03
                            0.353500E-05                            0.526797E-03
                            0.354000E-05                            0.519272E-03
                            0.354500E-05                            0.511840E-03
                            0.355000E-05                            0.504500E-03
                            0.355500E-05                            0.497250E-03
                            0.356000E-05                            0.490090E-03
                            0.356500E-05                            0.483020E-03
                            0.357000E-05                            0.476037E-03
                            0.357500E-05                            0.469143E-03
                            0.358000E-05                            0.462334E-03
                            0.358500E-05                            0.455612E-03
                            0.359000E-05                            0.448975E-03
                            0.359500E-05                            0.442422E-03
                            0.360000E-05                            0.435953E-03
                            0.360500E-05                            0.429566E-03
                            0.361000E-05                            0.423261E-03
                            0.361500E-05                            0.417037E-03
                            0.362000E-05                            0.410894E-03
                            0.362500E-05                            0.404830E-03
                            0.363000E-05                            0.398845E-03
                            0.363500E-05                            0.392937E-03
                            0.364000E-05                            0.387107E-03
                            0.364500E-05                            0.381353E-03
                            0.365000E-05                            0.375675E-03
                            0.365500E-05                            0.370072E-03
                            0.366000E-05                            0.364542E-03
                            0.366500E-05                            0.359086E-03
                            0.367000E-05                            0.353702E-03
                            0.367500E-05                            0.348390E-03
                            0.368000E-05                            0.343149E-03
                            0.368500E-05                            0.337979E-03
                            0.369000E-05                            0.332877E-03
                            0.369500E-05                            0.327845E-03
                            0.370000E-05                            0.322880E-03
                            0.370500E-05                            0.317982E-03
                            0.371000E-05                            0.313152E-03
                            0.371500E-05                            0.308386E-03
                            0.372000E-05                            0.303686E-03
                            0.372500E-05                            0.299050E-03
                            0.373000E-05                            0.294478E-03
                            0.373500E-05                            0.289969E-03
                            0.374000E-05                            0.285522E-03
                            0.374500E-05                            0.281136E-03
                            0.375000E-05                            0.276811E-03
                            0.375500E-05                            0.272546E-03
                            0.376000E-05                            0.268340E-03
                            0.376500E-05                            0.264193E-03
                            0.377000E-05                            0.260104E-03
                            0.377500E-05                            0.256073E-03
                            0.378000E-05                            0.252098E-03
                            0.378500E-05                            0.248179E-03
                            0.379000E-05                            0.244315E-03
                            0.379500E-05                            0.240506E-03
                            0.380000E-05                            0.236752E-03
                            0.380500E-05                            0.233050E-03
                            0.381000E-05                            0.229401E-03
                            0.381500E-05                            0.225804E-03
                            0.382000E-05                            0.222259E-03
                            0.382500E-05                            0.218765E-03
                            0.383000E-05                            0.215320E-03
                            0.383500E-05                            0.211926E-03
                            0.384000E-05                            0.208580E-03
                            0.384500E-05                            0.205283E-03
                            0.385000E-05                            0.202033E-03
                            0.385500E-05                            0.198831E-03
                            0.386000E-05                            0.195675E-03
                            0.386500E-05                            0.192565E-03
                            0.387000E-05                            0.189501E-03
                            0.387500E-05                            0.186481E-03
                            0.388000E-05                            0.183506E-03
                            0.388500E-05                            0.180575E-03
                            0.389000E-05                            0.177686E-03
                            0.389500E-05                            0.174841E-03
                            0.390000E-05                            0.172037E-03
                            0.390500E-05                            0.169275E-03
                            0.391000E-05                            0.166554E-03
                            0.391500E-05                            0.163873E-03
                            0.392000E-05                            0.161232E-03
                            0.392500E-05                            0.158630E-03
                            0.393000E-05                            0.156068E-03
                            0.393500E-05                            0.153544E-03
                            0.394000E-05                            0.151057E-03
                            0.394500E-05                            0.148608E-03
                            0.395000E-05                            0.146196E-03
                            0.395500E-05                            0.143821E-03
                            0.396000E-05                            0.141481E-03
                            0.396500E-05                            0.139176E-03
                            0.397000E-05                            0.136907E-03
                            0.397500E-05                            0.134672E-03
                            0.398000E-05                            0.132471E-03
                            0.398500E-05                            0.130303E-03
                            0.399000E-05                            0.128169E-03
                            0.399500E-05                            0.126067E-03
                            0.400000E-05                            0.123997E-03
                            0.400500E-05                            0.121959E-03
                            0.401000E-05                            0.119953E-03
                            0.401500E-05                            0.117977E-03
                            0.402000E-05                            0.116031E-03
                            0.402500E-05                            0.114116E-03
                            0.403000E-05                            0.112231E-03
                            0.403500E-05                            0.110374E-03
                            0.404000E-05                            0.108546E-03
                            0.404500E-05                            0.106747E-03
                            0.405000E-05                            0.104976E-03
                            0.405500E-05                            0.103232E-03
                            0.406000E-05                            0.101516E-03
                            0.406500E-05                            0.998258E-04
                            0.407000E-05                            0.981626E-04
                            0.407500E-05                            0.965254E-04
                            0.408000E-05                            0.949138E-04
                            0.408500E-05                            0.933277E-04
                            0.409000E-05                            0.917665E-04
                            0.409500E-05                            0.902298E-04
                            0.410000E-05                            0.887175E-04
                            0.410500E-05                            0.872290E-04
                            0.411000E-05                            0.857642E-04
                            0.411500E-05                            0.843225E-04
                            0.412000E-05                            0.829037E-04
                            0.412500E-05                            0.815075E-04
                            0.413000E-05                            0.801334E-04
                            0.413500E-05                            0.787813E-04
                            0.414000E-05                            0.774508E-04
                            0.414500E-05                            0.761415E-04
                            0.415000E-05                            0.748532E-04
                            0.415500E-05                            0.735855E-04
                            0.416000E-05                            0.723382E-04
                            0.416500E-05                            0.711108E-04
                            0.417000E-05                            0.699033E-04
                            0.417500E-05                            0.687152E-04
                            0.418000E-05                            0.675462E-04
                            0.418500E-05                            0.663961E-04
                            0.419000E-05                            0.652646E-04
                            0.419500E-05                            0.641514E-04
                            0.420000E-05                            0.630563E-04
                            0.420500E-05                            0.619789E-04
                            0.421000E-05                            0.609191E-04
                            0.421500E-05                            0.598764E-04
                            0.422000E-05                            0.588508E-04
                            0.422500E-05                            0.578419E-04
                            0.423000E-05                            0.568494E-04
                            0.423500E-05                            0.558732E-04
                            0.424000E-05                            0.549129E-04
                            0.424500E-05                            0.539684E-04
                            0.425000E-05                            0.530394E-04
                            0.425500E-05                            0.521256E-04
                            0.426000E-05                            0.512268E-04
                            0.426500E-05                            0.503429E-04
                            0.427000E-05                            0.494735E-04
                            0.427500E-05                            0.486184E-04
                            0.428000E-05                            0.477774E-04
                            0.428500E-05                            0.469504E-04
                            0.429000E-05                            0.461370E-04
                            0.429500E-05                            0.453372E-04
                            0.430000E-05                            0.445505E-04
                            0.430500E-05                            0.437770E-04
                            0.431000E-05                            0.430163E-04
                            0.431500E-05                            0.422682E-04
                            0.432000E-05                            0.415326E-04
                            0.432500E-05                            0.408093E-04
                            0.433000E-05                            0.400981E-04
                            0.433500E-05                            0.393987E-04
                            0.434000E-05                            0.387110E-04
                            0.434500E-05                            0.380349E-04
                            0.435000E-05                            0.373700E-04
                            0.435500E-05                            0.367164E-04
                            0.436000E-05                            0.360737E-04
                            0.436500E-05                            0.354418E-04
                            0.437000E-05                            0.348205E-04
                            0.437500E-05                            0.342097E-04
                            0.438000E-05                            0.336092E-04
                            0.438500E-05                            0.330188E-04
                            0.439000E-05                            0.324384E-04
                            0.439500E-05                            0.318678E-04
                            0.440000E-05                            0.313069E-04
                            0.440500E-05                            0.307555E-04
                            0.441000E-05                            0.302134E-04
                            0.441500E-05                            0.296805E-04
                            0.442000E-05                            0.291567E-04
                            0.442500E-05                            0.286418E-04
                            0.443000E-05                            0.281356E-04
                            0.443500E-05                            0.276381E-04
                            0.444000E-05                            0.271490E-04
                            0.444500E-05                            0.266683E-04
                            0.445000E-05                            0.261958E-04
                            0.445500E-05                            0.257314E-04
                            0.446000E-05                            0.252749E-04
                            0.446500E-05                            0.248262E-04
                            0.447000E-05                            0.243852E-04
                            0.447500E-05                            0.239518E-04
                            0.448000E-05                            0.235259E-04
                            0.448500E-05                            0.231072E-04
                            0.449000E-05                            0.226958E-04
                            0.449500E-05                            0.222914E-04
                            0.450000E-05                            0.218940E-04
                            0.450500E-05                            0.215034E-04
                            0.451000E-05                            0.211196E-04
                            0.451500E-05                            0.207424E-04
                            0.452000E-05                            0.203717E-04
                            0.452500E-05                            0.200075E-04
                            0.453000E-05                            0.196495E-04
                            0.453500E-05                            0.192978E-04
                            0.454000E-05                            0.189521E-04
                            0.454500E-05                            0.186125E-04
                            0.455000E-05                            0.182787E-04
                            0.455500E-05                            0.179507E-04
                            0.456000E-05                            0.176285E-04
                            0.456500E-05                            0.173118E-04
                            0.457000E-05                            0.170007E-04
                            0.457500E-05                            0.166950E-04
                            0.458000E-05                            0.163946E-04
                            0.458500E-05                            0.160995E-04
                            0.459000E-05                            0.158095E-04
                            0.459500E-05                            0.155246E-04
                            0.460000E-05                            0.152447E-04
                            0.460500E-05                            0.149697E-04
                            0.461000E-05                            0.146995E-04
                            0.461500E-05                            0.144340E-04
                            0.462000E-05                            0.141732E-04
                            0.462500E-05                            0.139170E-04
                            0.463000E-05                            0.136653E-04
                            0.463500E-05                            0.134180E-04
                            0.464000E-05                            0.131750E-04
                            0.464500E-05                            0.129364E-04
                            0.465000E-05                            0.127019E-04
                            0.465500E-05                            0.124716E-04
                            0.466000E-05                            0.122453E-04
                            0.466500E-05                            0.120230E-04
                            0.467000E-05                            0.118047E-04
                            0.467500E-05                            0.115902E-04
                            0.468000E-05                            0.113795E-04
                            0.468500E-05                            0.111726E-04
                            0.469000E-05                            0.109693E-04
                            0.469500E-05                            0.107696E-04
                            0.470000E-05                            0.105735E-04
                            0.470500E-05                            0.103808E-04
                            0.471000E-05                            0.101916E-04
                            0.471500E-05                            0.100057E-04
                            0.472000E-05                            0.982312E-05
                            0.472500E-05                            0.964380E-05
                            0.473000E-05                            0.946767E-05
                            0.473500E-05                            0.929468E-05
                            0.474000E-05                            0.912477E-05
                            0.474500E-05                            0.895790E-05
                            0.475000E-05                            0.879400E-05
                            0.475500E-05                            0.863304E-05
                            0.476000E-05                            0.847494E-05
                            0.476500E-05                            0.831968E-05
                            0.477000E-05                            0.816719E-05
                            0.477500E-05                            0.801744E-05
                            0.478000E-05                            0.787036E-05
                            0.478500E-05                            0.772592E-05
                            0.479000E-05                            0.758408E-05
                            0.479500E-05                            0.744478E-05
                            0.480000E-05                            0.730798E-05
                            0.480500E-05                            0.717363E-05
                            0.481000E-05                            0.704171E-05
                            0.481500E-05                            0.691215E-05
                            0.482000E-05                            0.678493E-05
                            0.482500E-05                            0.666000E-05
                            0.483000E-05                            0.653732E-05
                            0.483500E-05                            0.641685E-05
                            0.484000E-05                            0.629855E-05
                            0.484500E-05                            0.618239E-05
                            0.485000E-05                            0.606832E-05
                            0.485500E-05                            0.595632E-05
                            0.486000E-05                            0.584634E-05
                            0.486500E-05                            0.573835E-05
                            0.487000E-05                            0.563231E-05
                            0.487500E-05                            0.552819E-05
                            0.488000E-05                            0.542596E-05
                            0.488500E-05                            0.532558E-05
                            0.489000E-05                            0.522702E-05
                            0.489500E-05                            0.513025E-05
                            0.490000E-05                            0.503524E-05
                            0.490500E-05                            0.494195E-05
                            0.491000E-05                            0.485036E-05
                            0.491500E-05                            0.476043E-05
                            0.492000E-05                            0.467213E-05
                            0.492500E-05                            0.458545E-05
                            0.493000E-05                            0.450034E-05
                            0.493500E-05                            0.441678E-05
                            0.494000E-05                            0.433474E-05
                            0.494500E-05                            0.425420E-05
                            0.495000E-05                            0.417513E-05
                            0.495500E-05                            0.409750E-05
                            0.496000E-05                            0.402128E-05
                            0.496500E-05                            0.394646E-05
                            0.497000E-05                            0.387301E-05
                            0.497500E-05                            0.380090E-05
                            0.498000E-05                            0.373011E-05
                            0.498500E-05                            0.366061E-05
                            0.499000E-05                            0.359239E-05
                            0.499500E-05                            0.352542E-05
                            0.500000E-05                            0.345967E-05
                            0.500500E-05                            0.339513E-05
                            0.501000E-05                            0.333177E-05
                            0.501500E-05                            0.326957E-05
                            0.502000E-05                            0.320852E-05
                            0.502500E-05                            0.314858E-05
                            0.503000E-05                            0.308975E-05
                            0.503500E-05                            0.303200E-05
                            0.504000E-05                            0.297531E-05
