  # Bin [m], Precipitate density distribution [/m^4]
                            0.288403E-07                            0.000000E+00
                            0.331131E-07                            0.000000E+00
                            0.380189E-07                            0.000000E+00
                            0.436516E-07                            0.000000E+00
                            0.501187E-07                            0.110823E-71
                            0.575440E-07                            0.240311E-66
                            0.660693E-07                            0.323361E-61
                            0.758578E-07                            0.270002E-56
                            0.870964E-07                            0.139899E-51
                            0.100000E-06                            0.449810E-47
                            0.114815E-06                            0.897453E-43
                            0.131826E-06                            0.111112E-38
                            0.151356E-06                            0.853646E-35
                            0.173780E-06                            0.406969E-31
                            0.199526E-06                            0.120396E-27
                            0.229087E-06                            0.221020E-24
                            0.263027E-06                            0.251778E-21
                            0.301995E-06                            0.177980E-18
                            0.346737E-06                            0.780715E-16
                            0.398107E-06                            0.212511E-13
                            0.457088E-06                            0.358952E-11
                            0.524807E-06                            0.376235E-09
                            0.602560E-06                            0.244709E-07
                            0.691831E-06                            0.987658E-06
                            0.794328E-06                            0.247361E-04
                            0.912011E-06                            0.384436E-03
                            0.104713E-05                            0.370752E-02
                            0.120226E-05                            0.221876E-01
                            0.138038E-05                            0.823957E-01
                            0.158489E-05                            0.189874E+00
                            0.181970E-05                            0.271516E+00
                            0.208930E-05                            0.240930E+00
                            0.239883E-05                            0.132664E+00
                            0.275423E-05                            0.453300E-01
                            0.316228E-05                            0.961134E-02
                            0.363078E-05                            0.126459E-02
                            0.416869E-05                            0.103248E-03
                            0.478630E-05                            0.523098E-05
                            0.549541E-05                            0.164456E-06
                            0.630957E-05                            0.320838E-08
