                   0.499900058030942E+01
                   0.000000000000000E+00
****************************************
                   0.143547770522674E+34
                   0.218472418470148E+28
                   0.845623074698499E+28
                   0.209576445836571E+29
                   0.114975395301689E-12
                   0.235252203118493E-12
                   0.475246041720439E-12
                   0.978628760212238E-12
                   0.213717405571319E-11
                   0.550997237474437E-11
                   0.670346029290275E+01
                   0.230914742474755E+03
                   0.908649734166750E+05
                   0.574273957474184E+08
                   0.115125306147255E+11
                   0.541089179254602E+12
                   0.682263102528422E+13
                   0.282253518812726E+14
                   0.451157160641079E+14
                   0.313092961538482E+14
                   0.125737248063867E+14
                   0.000000000000000E+00
