                   0.129900080047573E+01
                   0.000000000000000E+00
                   0.338706307741953E+35
                   0.407913662743073E+30
                   0.128259341279213E+31
                   0.695938035001570E+14
                   0.124206823089786E+15
                   0.201758137993403E+15
                   0.308894320060218E+15
                   0.454644185555298E+15
                   0.651573366873305E+15
                   0.917805532618943E+15
                   0.128095059435098E+16
                   0.178697743920044E+16
                   0.252547593104808E+16
                   0.373815275016953E+16
                   0.728258128333247E+16
                   0.109954748233709E+17
                   0.150206921990591E+17
                   0.200594666403044E+17
                   0.265191155293685E+17
                   0.348653793926345E+17
                   0.456911476415576E+17
                   0.597708764722082E+17
                   0.781260955311039E+17
                   0.102112027264662E+18
                   0.133535086291085E+18
                   0.174813993192721E+18
                   0.229202254109973E+18
                   0.301097191882237E+18
                   0.396471490797665E+18
                   0.523478758935805E+18
                   0.693306984091455E+18
                   0.921385913596093E+18
                   0.122910051781725E+19
                   0.164622871058147E+19
                   0.221441562762718E+19
                   0.299213026382286E+19
                   0.406173811738678E+19
                   0.553958478311117E+19
                   0.759034295769629E+19
                   0.104473532474561E+20
                   0.144413073055915E+20
                   0.200403839196459E+20
                   0.279058217152674E+20
                   0.389677935638980E+20
                   0.545271190687699E+20
                   0.763884218030393E+20
                   0.107029190848323E+21
                   0.149805977857464E+21
                   0.209192596650441E+21
                   0.291034642283246E+21
                   0.402789258149318E+21
                   0.553699207022932E+21
                   0.754828059976257E+21
                   0.101886327076917E+22
                   0.135958332466151E+22
                   0.179089338010007E+22
                   0.232537033873614E+22
                   0.297232941237104E+22
                   0.373552905771279E+22
                   0.461075768459289E+22
                   0.558366936978875E+22
                   0.662832242819284E+22
                   0.770688682650554E+22
                   0.877089526927753E+22
                   0.976421034511531E+22
                   0.106275881754379E+23
                   0.113043902875986E+23
                   0.117467044290161E+23
                   0.119209594773275E+23
                   0.118121174988316E+23
                   0.114257157972130E+23
                   0.107873829397245E+23
                   0.993989110130476E+22
                   0.893823412612975E+22
                   0.784354081142829E+22
                   0.671677948442695E+22
                   0.561316223119025E+22
                   0.457794265747768E+22
                   0.364398389872874E+22
                   0.283113361539464E+22
                   0.214715309016871E+22
                   0.158975758380910E+22
                   0.114925249101589E+22
                   0.811282826098034E+21
                   0.559320406101819E+21
                   0.376654362500303E+21
                   0.247790340123154E+21
                   0.159276652002826E+21
                   0.100049631407868E+21
                   0.614250241025199E+20
                   0.368649618842894E+20
                   0.216318692299707E+20
                   0.124125250310401E+20
                   0.696605191397079E+19
                   0.382427277942473E+19
                   0.205410200373455E+19
                   0.107964679361084E+19
                   0.555397010930515E+18
                   0.541979906945713E+18
                   0.000000000000000E+00
