                   0.109900096902770E+01
                   0.000000000000000E+00
                   0.000000000000000E+00
                   0.000000000000000E+00
                   0.842728578254648E-01
                   0.174672713692060E-06
                   0.662119590694080E-06
                   0.144330852036135E-05
                   0.266128871628726E-05
                   0.452736535079347E-05
                   0.735604537433702E-05
                   0.116202968858121E-04
                   0.180411760671683E-04
                   0.277377972502674E-04
                   0.000000000000000E+00
                   0.000000000000000E+00
                   0.000000000000000E+00
                   0.000000000000000E+00
                   0.000000000000000E+00
                   0.000000000000000E+00
                   0.000000000000000E+00
                   0.000000000000000E+00
                   0.000000000000000E+00
                   0.000000000000000E+00
                   0.000000000000000E+00
                   0.000000000000000E+00
                   0.000000000000000E+00
                   0.000000000000000E+00
                   0.000000000000000E+00
                   0.000000000000000E+00
                   0.000000000000000E+00
                   0.000000000000000E+00
                   0.000000000000000E+00
                   0.000000000000000E+00
                   0.000000000000000E+00
                   0.115186105666315E-43
                   0.952610449508964E-38
                   0.409077324546315E-32
                   0.913486020427671E-27
                   0.106191725361975E-21
                   0.643192638439487E-17
                   0.203110006726305E-12
                   0.334556591479387E-08
                   0.287548238257771E-04
                   0.128993950280218E+00
                   0.302085646119894E+03
                   0.369364538383885E+06
                   0.235825278711349E+09
                   0.786265185525935E+11
                   0.136903885721709E+14
                   0.124494016042033E+16
                   0.591262441149708E+17
                   0.146663105701736E+19
                   0.190010403897298E+20
                   0.128574596376634E+21
                   0.454420980909273E+21
                   0.838861610740798E+21
                   0.808823693391446E+21
                   0.407334977707493E+21
                   0.107148637684798E+21
                   0.147222905302244E+20
                   0.000000000000000E+00
