 # Time [s], c_{ex}/c_{th}, total number of produced vacancies/c_{th}, total number of annihilated vacancies /c_{th}
                            0.000000E+00                                     NaN                                Infinity                                     NaN
                            0.100000E-02                            0.000000E+00                            0.000000E+00                            0.000000E+00
                            0.999952E+01                            0.000000E+00                            0.000000E+00                            0.000000E+00
                            0.199992E+02                            0.000000E+00                            0.000000E+00                            0.000000E+00
                            0.299991E+02                            0.000000E+00                            0.000000E+00                            0.000000E+00
                            0.399997E+02                            0.000000E+00                            0.000000E+00                            0.000000E+00
                            0.499997E+02                            0.000000E+00                            0.000000E+00                            0.000000E+00
                            0.599990E+02                            0.000000E+00                            0.000000E+00                            0.000000E+00
                            0.699992E+02                            0.000000E+00                            0.000000E+00                            0.000000E+00
                            0.799994E+02                            0.000000E+00                            0.000000E+00                            0.000000E+00
                            0.899997E+02                            0.000000E+00                            0.000000E+00                            0.000000E+00
                            0.999993E+02                            0.000000E+00                            0.000000E+00                            0.000000E+00
                            0.110000E+03                            0.000000E+00                            0.000000E+00                            0.000000E+00
                            0.119999E+03                            0.000000E+00                            0.000000E+00                            0.000000E+00
                            0.129999E+03                            0.000000E+00                            0.000000E+00                            0.000000E+00
                            0.140000E+03                            0.000000E+00                            0.000000E+00                            0.000000E+00
                            0.149999E+03                            0.000000E+00                            0.000000E+00                            0.000000E+00
                            0.159999E+03                            0.000000E+00                            0.000000E+00                            0.000000E+00
                            0.170000E+03                            0.000000E+00                            0.000000E+00                            0.000000E+00
                            0.179999E+03                            0.000000E+00                            0.000000E+00                            0.000000E+00
                            0.189999E+03                            0.000000E+00                            0.000000E+00                            0.000000E+00
                            0.200000E+03                            0.000000E+00                            0.000000E+00                            0.000000E+00
                            0.209999E+03                            0.000000E+00                            0.000000E+00                            0.000000E+00
                            0.219999E+03                            0.000000E+00                            0.000000E+00                            0.000000E+00
                            0.230000E+03                            0.000000E+00                            0.000000E+00                            0.000000E+00
                            0.239999E+03                            0.000000E+00                            0.000000E+00                            0.000000E+00
                            0.249999E+03                            0.000000E+00                            0.000000E+00                            0.000000E+00
                            0.259999E+03                            0.000000E+00                            0.000000E+00                            0.000000E+00
                            0.269999E+03                            0.000000E+00                            0.000000E+00                            0.000000E+00
                            0.279999E+03                            0.000000E+00                            0.000000E+00                            0.000000E+00
                            0.290000E+03                            0.000000E+00                            0.000000E+00                            0.000000E+00
                            0.299999E+03                            0.000000E+00                            0.000000E+00                            0.000000E+00
                            0.309999E+03                            0.000000E+00                            0.000000E+00                            0.000000E+00
                            0.320000E+03                            0.000000E+00                            0.000000E+00                            0.000000E+00
                            0.330000E+03                            0.000000E+00                            0.000000E+00                            0.000000E+00
                            0.339999E+03                            0.000000E+00                            0.000000E+00                            0.000000E+00
                            0.349999E+03                            0.000000E+00                            0.000000E+00                            0.000000E+00
