 # Time [s], c_{ex}/c_{th}, total number of produced vacancies/c_{th}, total number of annihilated vacancies /c_{th}
                            0.000000E+00                                     NaN                                     NaN                                     NaN
                            0.100000E-02                            0.000000E+00                            0.000000E+00                            0.000000E+00
                            0.999384E+00                            0.000000E+00                            0.000000E+00                            0.000000E+00
                            0.200055E+01                            0.000000E+00                            0.000000E+00                            0.000000E+00
                            0.299907E+01                            0.000000E+00                            0.000000E+00                            0.000000E+00
                            0.400023E+01                            0.000000E+00                            0.000000E+00                            0.000000E+00
                            0.500140E+01                            0.000000E+00                            0.000000E+00                            0.000000E+00
                            0.599992E+01                            0.000000E+00                            0.000000E+00                            0.000000E+00
                            0.700108E+01                            0.000000E+00                            0.000000E+00                            0.000000E+00
                            0.799960E+01                            0.000000E+00                            0.000000E+00                            0.000000E+00
                            0.900077E+01                            0.000000E+00                            0.000000E+00                            0.000000E+00
                            0.999928E+01                            0.000000E+00                            0.000000E+00                            0.000000E+00
                            0.110004E+02                            0.000000E+00                            0.000000E+00                            0.000000E+00
                            0.120016E+02                            0.000000E+00                            0.000000E+00                            0.000000E+00
                            0.130001E+02                            0.000000E+00                            0.000000E+00                            0.000000E+00
                            0.140013E+02                            0.000000E+00                            0.000000E+00                            0.000000E+00
                            0.149998E+02                            0.000000E+00                            0.000000E+00                            0.000000E+00
                            0.160010E+02                            0.000000E+00                            0.000000E+00                            0.000000E+00
                            0.169995E+02                            0.000000E+00                            0.000000E+00                            0.000000E+00
                            0.180007E+02                            0.000000E+00                            0.000000E+00                            0.000000E+00
                            0.189992E+02                            0.000000E+00                            0.000000E+00                            0.000000E+00
                            0.200003E+02                            0.000000E+00                            0.000000E+00                            0.000000E+00
                            0.210015E+02                            0.000000E+00                            0.000000E+00                            0.000000E+00
                            0.220000E+02                            0.000000E+00                            0.000000E+00                            0.000000E+00
                            0.230012E+02                            0.000000E+00                            0.000000E+00                            0.000000E+00
                            0.239997E+02                            0.000000E+00                            0.000000E+00                            0.000000E+00
                            0.250009E+02                            0.000000E+00                            0.000000E+00                            0.000000E+00
                            0.259994E+02                            0.000000E+00                            0.000000E+00                            0.000000E+00
                            0.270006E+02                            0.000000E+00                            0.000000E+00                            0.000000E+00
                            0.279991E+02                            0.000000E+00                            0.000000E+00                            0.000000E+00
                            0.290002E+02                            0.000000E+00                            0.000000E+00                            0.000000E+00
                            0.300014E+02                            0.000000E+00                            0.000000E+00                            0.000000E+00
                            0.309999E+02                            0.000000E+00                            0.000000E+00                            0.000000E+00
                            0.320011E+02                            0.000000E+00                            0.000000E+00                            0.000000E+00
                            0.329996E+02                            0.000000E+00                            0.000000E+00                            0.000000E+00
                            0.340008E+02                            0.000000E+00                            0.000000E+00                            0.000000E+00
                            0.349993E+02                            0.000000E+00                            0.000000E+00                            0.000000E+00
                            0.360005E+02                            0.000000E+00                            0.000000E+00                            0.000000E+00
                            0.370016E+02                            0.000000E+00                            0.000000E+00                            0.000000E+00
                            0.380001E+02                            0.000000E+00                            0.000000E+00                            0.000000E+00
                            0.390013E+02                            0.000000E+00                            0.000000E+00                            0.000000E+00
                            0.399998E+02                            0.000000E+00                            0.000000E+00                            0.000000E+00
                            0.410010E+02                            0.000000E+00                            0.000000E+00                            0.000000E+00
                            0.419995E+02                            0.000000E+00                            0.000000E+00                            0.000000E+00
                            0.430007E+02                            0.000000E+00                            0.000000E+00                            0.000000E+00
                            0.439992E+02                            0.000000E+00                            0.000000E+00                            0.000000E+00
                            0.450004E+02                            0.000000E+00                            0.000000E+00                            0.000000E+00
                            0.460015E+02                            0.000000E+00                            0.000000E+00                            0.000000E+00
                            0.470000E+02                            0.000000E+00                            0.000000E+00                            0.000000E+00
                            0.480012E+02                            0.000000E+00                            0.000000E+00                            0.000000E+00
                            0.489997E+02                            0.000000E+00                            0.000000E+00                            0.000000E+00
                            0.500009E+02                            0.000000E+00                            0.000000E+00                            0.000000E+00
                            0.509994E+02                            0.000000E+00                            0.000000E+00                            0.000000E+00
                            0.520006E+02                            0.000000E+00                            0.000000E+00                            0.000000E+00
                            0.529991E+02                            0.000000E+00                            0.000000E+00                            0.000000E+00
                            0.540003E+02                            0.000000E+00                            0.000000E+00                            0.000000E+00
                            0.550014E+02                            0.000000E+00                            0.000000E+00                            0.000000E+00
                            0.559999E+02                            0.000000E+00                            0.000000E+00                            0.000000E+00
                            0.570011E+02                            0.000000E+00                            0.000000E+00                            0.000000E+00
                            0.579996E+02                            0.000000E+00                            0.000000E+00                            0.000000E+00
                            0.590008E+02                            0.000000E+00                            0.000000E+00                            0.000000E+00
                            0.599993E+02                            0.000000E+00                            0.000000E+00                            0.000000E+00
                            0.610005E+02                            0.000000E+00                            0.000000E+00                            0.000000E+00
                            0.620016E+02                            0.000000E+00                            0.000000E+00                            0.000000E+00
                            0.630002E+02                            0.000000E+00                            0.000000E+00                            0.000000E+00
                            0.640013E+02                            0.000000E+00                            0.000000E+00                            0.000000E+00
                            0.649998E+02                            0.000000E+00                            0.000000E+00                            0.000000E+00
                            0.660010E+02                            0.000000E+00                            0.000000E+00                            0.000000E+00
                            0.669995E+02                            0.000000E+00                            0.000000E+00                            0.000000E+00
                            0.680007E+02                            0.000000E+00                            0.000000E+00                            0.000000E+00
                            0.689992E+02                            0.000000E+00                            0.000000E+00                            0.000000E+00
                            0.700004E+02                            0.000000E+00                            0.000000E+00                            0.000000E+00
                            0.710015E+02                            0.000000E+00                            0.000000E+00                            0.000000E+00
                            0.720001E+02                            0.000000E+00                            0.000000E+00                            0.000000E+00
                            0.730012E+02                            0.000000E+00                            0.000000E+00                            0.000000E+00
                            0.739997E+02                            0.000000E+00                            0.000000E+00                            0.000000E+00
                            0.750009E+02                            0.000000E+00                            0.000000E+00                            0.000000E+00
                            0.759994E+02                            0.000000E+00                            0.000000E+00                            0.000000E+00
                            0.770006E+02                            0.000000E+00                            0.000000E+00                            0.000000E+00
                            0.779991E+02                            0.000000E+00                            0.000000E+00                            0.000000E+00
                            0.790003E+02                            0.000000E+00                            0.000000E+00                            0.000000E+00
                            0.800014E+02                            0.000000E+00                            0.000000E+00                            0.000000E+00
                            0.810000E+02                            0.000000E+00                            0.000000E+00                            0.000000E+00
                            0.820011E+02                            0.000000E+00                            0.000000E+00                            0.000000E+00
                            0.829996E+02                            0.000000E+00                            0.000000E+00                            0.000000E+00
                            0.840008E+02                            0.000000E+00                            0.000000E+00                            0.000000E+00
                            0.849993E+02                            0.000000E+00                            0.000000E+00                            0.000000E+00
                            0.860005E+02                            0.000000E+00                            0.000000E+00                            0.000000E+00
                            0.869990E+02                            0.000000E+00                            0.000000E+00                            0.000000E+00
                            0.880002E+02                            0.000000E+00                            0.000000E+00                            0.000000E+00
                            0.890013E+02                            0.000000E+00                            0.000000E+00                            0.000000E+00
                            0.899999E+02                            0.000000E+00                            0.000000E+00                            0.000000E+00
                            0.910010E+02                            0.000000E+00                            0.000000E+00                            0.000000E+00
                            0.919995E+02                            0.000000E+00                            0.000000E+00                            0.000000E+00
                            0.930007E+02                            0.000000E+00                            0.000000E+00                            0.000000E+00
                            0.939992E+02                            0.000000E+00                            0.000000E+00                            0.000000E+00
                            0.950004E+02                            0.000000E+00                            0.000000E+00                            0.000000E+00
                            0.960016E+02                            0.000000E+00                            0.000000E+00                            0.000000E+00
                            0.970001E+02                            0.000000E+00                            0.000000E+00                            0.000000E+00
                            0.980012E+02                            0.000000E+00                            0.000000E+00                            0.000000E+00
                            0.989998E+02                            0.000000E+00                            0.000000E+00                            0.000000E+00
                            0.100001E+03                            0.000000E+00                            0.000000E+00                            0.000000E+00
                            0.100999E+03                            0.000000E+00                            0.000000E+00                            0.000000E+00
                            0.102001E+03                            0.000000E+00                            0.000000E+00                            0.000000E+00
                            0.102999E+03                            0.000000E+00                            0.000000E+00                            0.000000E+00
                            0.104000E+03                            0.000000E+00                            0.000000E+00                            0.000000E+00
                            0.105001E+03                            0.000000E+00                            0.000000E+00                            0.000000E+00
                            0.106000E+03                            0.000000E+00                            0.000000E+00                            0.000000E+00
                            0.107001E+03                            0.000000E+00                            0.000000E+00                            0.000000E+00
                            0.108000E+03                            0.000000E+00                            0.000000E+00                            0.000000E+00
                            0.109001E+03                            0.000000E+00                            0.000000E+00                            0.000000E+00
                            0.109999E+03                            0.000000E+00                            0.000000E+00                            0.000000E+00
                            0.111001E+03                            0.000000E+00                            0.000000E+00                            0.000000E+00
                            0.111999E+03                            0.000000E+00                            0.000000E+00                            0.000000E+00
                            0.113000E+03                            0.000000E+00                            0.000000E+00                            0.000000E+00
                            0.114001E+03                            0.000000E+00                            0.000000E+00                            0.000000E+00
                            0.115000E+03                            0.000000E+00                            0.000000E+00                            0.000000E+00
                            0.116001E+03                            0.000000E+00                            0.000000E+00                            0.000000E+00
                            0.117000E+03                            0.000000E+00                            0.000000E+00                            0.000000E+00
                            0.118001E+03                            0.000000E+00                            0.000000E+00                            0.000000E+00
                            0.118999E+03                            0.000000E+00                            0.000000E+00                            0.000000E+00
                            0.120000E+03                            0.000000E+00                            0.000000E+00                            0.000000E+00
                            0.121002E+03                            0.000000E+00                            0.000000E+00                            0.000000E+00
