 # Time [s], c_{ex}/c_{th}, total number of produced vacancies/c_{th}, total number of annihilated vacancies /c_{th}
                            0.000000E+00                                     NaN                                Infinity                                     NaN
                            0.156250E-04                            0.000000E+00                            0.000000E+00                            0.000000E+00
                            0.990004E-01                            0.000000E+00                            0.000000E+00                            0.000000E+00
                            0.199000E+00                            0.000000E+00                            0.000000E+00                            0.000000E+00
                            0.299002E+00                            0.000000E+00                            0.000000E+00                            0.000000E+00
                            0.399002E+00                            0.000000E+00                            0.000000E+00                            0.000000E+00
                            0.499001E+00                            0.000000E+00                            0.000000E+00                            0.000000E+00
                            0.599002E+00                            0.000000E+00                            0.000000E+00                            0.000000E+00
                            0.699001E+00                            0.000000E+00                            0.000000E+00                            0.000000E+00
                            0.799002E+00                            0.000000E+00                            0.000000E+00                            0.000000E+00
                            0.899002E+00                            0.000000E+00                            0.000000E+00                            0.000000E+00
                            0.999000E+00                            0.000000E+00                            0.000000E+00                            0.000000E+00
                            0.109900E+01                            0.000000E+00                            0.000000E+00                            0.000000E+00
                            0.119900E+01                            0.000000E+00                            0.000000E+00                            0.000000E+00
                            0.129900E+01                            0.000000E+00                            0.000000E+00                            0.000000E+00
                            0.139900E+01                            0.000000E+00                            0.000000E+00                            0.000000E+00
                            0.149900E+01                            0.000000E+00                            0.000000E+00                            0.000000E+00
                            0.159900E+01                            0.000000E+00                            0.000000E+00                            0.000000E+00
                            0.169900E+01                            0.000000E+00                            0.000000E+00                            0.000000E+00
                            0.179900E+01                            0.000000E+00                            0.000000E+00                            0.000000E+00
                            0.189900E+01                            0.000000E+00                            0.000000E+00                            0.000000E+00
                            0.199900E+01                            0.000000E+00                            0.000000E+00                            0.000000E+00
                            0.209900E+01                            0.000000E+00                            0.000000E+00                            0.000000E+00
                            0.219900E+01                            0.000000E+00                            0.000000E+00                            0.000000E+00
                            0.229900E+01                            0.000000E+00                            0.000000E+00                            0.000000E+00
                            0.239900E+01                            0.000000E+00                            0.000000E+00                            0.000000E+00
                            0.249900E+01                            0.000000E+00                            0.000000E+00                            0.000000E+00
                            0.259900E+01                            0.000000E+00                            0.000000E+00                            0.000000E+00
                            0.269900E+01                            0.000000E+00                            0.000000E+00                            0.000000E+00
                            0.279900E+01                            0.000000E+00                            0.000000E+00                            0.000000E+00
                            0.289900E+01                            0.000000E+00                            0.000000E+00                            0.000000E+00
                            0.299900E+01                            0.000000E+00                            0.000000E+00                            0.000000E+00
                            0.309900E+01                            0.000000E+00                            0.000000E+00                            0.000000E+00
                            0.319900E+01                            0.000000E+00                            0.000000E+00                            0.000000E+00
                            0.329900E+01                            0.000000E+00                            0.000000E+00                            0.000000E+00
                            0.339900E+01                            0.000000E+00                            0.000000E+00                            0.000000E+00
                            0.349900E+01                            0.000000E+00                            0.000000E+00                            0.000000E+00
                            0.359900E+01                            0.000000E+00                            0.000000E+00                            0.000000E+00
                            0.369900E+01                            0.000000E+00                            0.000000E+00                            0.000000E+00
                            0.379900E+01                            0.000000E+00                            0.000000E+00                            0.000000E+00
                            0.389900E+01                            0.000000E+00                            0.000000E+00                            0.000000E+00
                            0.399900E+01                            0.000000E+00                            0.000000E+00                            0.000000E+00
                            0.409900E+01                            0.000000E+00                            0.000000E+00                            0.000000E+00
                            0.419900E+01                            0.000000E+00                            0.000000E+00                            0.000000E+00
                            0.429900E+01                            0.000000E+00                            0.000000E+00                            0.000000E+00
                            0.439900E+01                            0.000000E+00                            0.000000E+00                            0.000000E+00
                            0.449900E+01                            0.000000E+00                            0.000000E+00                            0.000000E+00
                            0.459900E+01                            0.000000E+00                            0.000000E+00                            0.000000E+00
                            0.469900E+01                            0.000000E+00                            0.000000E+00                            0.000000E+00
                            0.479900E+01                            0.000000E+00                            0.000000E+00                            0.000000E+00
                            0.489900E+01                            0.000000E+00                            0.000000E+00                            0.000000E+00
                            0.499900E+01                            0.000000E+00                            0.000000E+00                            0.000000E+00
