                   0.800000766691606E+03
                   0.000000000000000E+00
                   0.135717827008766E+28
                   0.141151208428096E+28
                   0.146778393563213E+28
                   0.152605772080144E+28
                   0.158639940372711E+28
                   0.164887708488958E+28
                   0.171356107303061E+28
                   0.178052395942072E+28
                   0.184984069477294E+28
                   0.192158866890470E+28
                   0.199584779325409E+28
                   0.207270058636132E+28
                   0.215223226243081E+28
                   0.223453082309445E+28
                   0.231968715250166E+28
                   0.240779511586740E+28
                   0.249895166161490E+28
                   0.259325692725595E+28
                   0.269081434915789E+28
                   0.279173077635273E+28
                   0.289611658855119E+28
                   0.300408581853127E+28
                   0.311575627907863E+28
                   0.323124969466432E+28
                   0.335069183805320E+28
                   0.347421267204572E+28
                   0.360194649656454E+28
                   0.373403210130735E+28
                   0.387061292419725E+28
                   0.401183721587300E+28
                   0.415785821047225E+28
                   0.430883430297309E+28
                   0.446492923337138E+28
                   0.462631227798448E+28
                   0.479315844818568E+28
                   0.496564869688825E+28
                   0.514397013311284E+28
                   0.532831624498855E+28
                   0.551888713155430E+28
                   0.571588974374533E+28
                   0.591953813496803E+28
                   0.613005372168641E+28
                   0.634766555446404E+28
                   0.657261059992734E+28
                   0.680513403413931E+28
                   0.704548954789713E+28
                   0.729393966449300E+28
                   0.755075607050456E+28
                   0.781621996021041E+28
                   0.809062239425612E+28
                   0.837426467322872E+28
                   0.866745872683128E+28
                   0.897052751938520E+28
                   0.928380547242584E+28
                   0.960763890519718E+28
                   0.994238649389385E+28
                   0.102884197505436E+29
                   0.106461235224716E+29
                   0.110158965133373E+29
                   0.113981518267893E+29
                   0.117933175338400E+29
                   0.122018372651216E+29
                   0.126241708292484E+29
                   0.130607948585805E+29
                   0.135122034837517E+29
                   0.139789090384055E+29
                   0.144614427956600E+29
                   0.149603557379102E+29
                   0.154762193616701E+29
                   0.160096265192489E+29
                   0.165611922991651E+29
                   0.171315549473076E+29
                   0.177213768309734E+29
                   0.183313454480354E+29
                   0.189621744836244E+29
                   0.196146049168562E+29
                   0.202894061802804E+29
                   0.209873773748921E+29
                   0.217093485437183E+29
                   0.224561820071733E+29
                   0.232287737635757E+29
                   0.240280549584263E+29
                   0.248549934262696E+29
                   0.257105953092034E+29
                   0.265959067563517E+29
                   0.275120157088934E+29
                   0.284600537755290E+29
                   0.294411982035813E+29
                   0.304566739512611E+29
                   0.315077558669882E+29
                   0.325957709820407E+29
                   0.337221009232230E+29
                   0.348881844526787E+29
                   0.360955201424556E+29
                   0.373456691919364E+29
                   0.386402583967974E+29
                   0.399809832787455E+29
                   0.413696113859157E+29
                   0.428079857744931E+29
                   0.442980286828523E+29
                   0.458417454102957E+29
                   0.474412284133195E+29
                   0.490986616332490E+29
                   0.508163250700664E+29
                   0.525965996183167E+29
                   0.544419721821191E+29
                   0.563550410875413E+29
                   0.583385218119296E+29
                   0.603952530512168E+29
                   0.625282031477865E+29
                   0.647404769031418E+29
                   0.670353228014386E+29
                   0.694161406718987E+29
                   0.718864898202327E+29
                   0.744500976614883E+29
                   0.771108688892158E+29
                   0.798728952185169E+29
                   0.827404657434433E+29
                   0.857180779523461E+29
                   0.888104494481727E+29
                   0.920225304243889E+29
                   0.953595169511830E+29
                   0.988268651309257E+29
                   0.102430306186531E+30
                   0.106175862551427E+30
                   0.110069865035323E+30
                   0.114118971145903E+30
                   0.118330184653003E+30
                   0.122710876488772E+30
                   0.127268807084883E+30
                   0.132012150255962E+30
                   0.136949518747248E+30
                   0.142089991573976E+30
                   0.147443143290279E+30
                   0.153019075336459E+30
                   0.158828449625418E+30
                   0.164882524541881E+30
                   0.171193193541844E+30
                   0.177773026554446E+30
                   0.184635314404320E+30
                   0.191794116489337E+30
                   0.199264311966638E+30
                   0.207061654718891E+30
                   0.215202832392807E+30
                   0.223705529823063E+30
                   0.232588497176791E+30
                   0.241871623176591E+30
                   0.251576013783395E+30
                   0.261724076744148E+30
                   0.272339612432845E+30
                   0.283447911436408E+30
                   0.295075859358559E+30
                   0.307252049334385E+30
                   0.320006902764552E+30
                   0.333372798789746E+30
                   0.347384213031017E+30
                   0.362077866118111E+30
                   0.377492882512699E+30
                   0.393670960103097E+30
                   0.410656550997304E+30
                   0.428497053866367E+30
                   0.447243018083634E+30
                   0.466948359758864E+30
                   0.487670589569415E+30
                   0.509471052031129E+30
                   0.532415175513822E+30
                   0.556572731871881E+30
                   0.582018104006550E+30
                   0.608830558975787E+30
                   0.637094523386929E+30
                   0.666899856707229E+30
                   0.698342116760291E+30
                   0.731522809986670E+30
                   0.766549616968665E+30
                   0.803536581176733E+30
                   0.842604245801435E+30
                   0.883879719794528E+30
                   0.927496649753610E+30
                   0.973595068945784E+30
                   0.102232108849157E+31
                   0.107382638847861E+31
                   0.112826745859714E+31
                   0.118580452902664E+31
                   0.124660012336071E+31
                   0.131081715763474E+31
                   0.137861650563671E+31
                   0.145015395576496E+31
                   0.152557650868339E+31
                   0.160501802707491E+31
                   0.168859438565448E+31
                   0.177639855073926E+31
                   0.186849657024133E+31
                   0.196492648256154E+31
                   0.206570388627958E+31
                   0.217084009797724E+31
                   0.228037819173158E+31
                   0.239443194265493E+31
                   0.251310463408888E+31
                   0.263574871447795E+31
                   0.275796276025098E+31
                   0.286593043372482E+31
                   0.296591646329927E+31
                   0.305626024444170E+31
                   0.312980204106067E+31
                   0.318946099492951E+31
                   0.323535724460896E+31
                   0.326520307066481E+31
                   0.327670395198131E+31
                   0.326768976013344E+31
                   0.323623987293812E+31
                   0.318082247639369E+31
                   0.310044151573630E+31
                   0.299478034163857E+31
                   0.286432797331040E+31
                   0.271047192523063E+31
                   0.253554136540226E+31
                   0.234278656723676E+31
                   0.213628546944758E+31
                   0.192077549357142E+31
                   0.170141785528080E+31
                   0.148351117767310E+31
                   0.127217964146487E+31
                   0.107206649855953E+31
                   0.887065168216020E+30
                   0.720116661514658E+30
                   0.573094012326680E+30
                   0.446782972183024E+30
                   0.340955440235700E+30
                   0.254520253251146E+30
                   0.185727148085812E+30
                   0.132395331898222E+30
                   0.921385667799251E+29
                   0.625633893774682E+29
                   0.414246464021408E+29
                   0.267311550672669E+29
                   0.168022865437727E+29
                   0.102823556170731E+29
                   0.612325584464901E+28
                   0.354682340801024E+28
                   0.199744779046687E+28
                   0.109322746145902E+28
                   0.581265052202720E+27
                   0.300126498479015E+27
                   0.150434330904970E+27
                   0.731738572978271E+26
                   0.345296933631906E+26
                   0.158025035363282E+26
                   0.701182385938403E+25
                   0.301571406310356E+25
                   0.125687429297925E+25
                   0.507493574905123E+24
                   0.198475341107889E+24
                   0.751667327354276E+23
                   0.275612540285271E+23
                   0.978233591406483E+22
                   0.336029485320824E+22
                   0.111693763738098E+22
                   0.359192344721535E+21
                   0.111739284299843E+21
                   0.336204409403473E+20
                   0.978276153417962E+19
                   0.275248858417541E+19
                   0.748763189480413E+18
                   0.196911252031344E+18
                   0.500563282380808E+17
                   0.122989533787324E+17
                   0.292051317882253E+16
                   0.670186814335436E+15
                   0.148608858664671E+15
                   0.318401053825635E+14
                   0.659107828329462E+13
                   0.131814757232082E+13
                   0.254667024344272E+12
                   0.475291491194440E+11
                   0.856851278585636E+10
                   0.149207342004437E+10
                   0.250955806326697E+09
                   0.407672319871762E+08
                   0.639614485945390E+07
                   0.969183681250817E+06
                   0.141828555483800E+06
                   0.200438632943636E+05
                   0.273558992649747E+04
                   0.360549764595418E+03
                   0.458900020560597E+02
                   0.564033165060771E+01
                   0.669454391379456E+00
                   0.767298225818185E-01
                   0.849243466305453E-02
                   0.907661472413667E-03
                   0.936782836236062E-04
                   0.933636314086968E-05
                   0.898548494127116E-06
                   0.835087854010453E-07
                   0.749466492130673E-08
                   0.649538430163856E-09
                   0.543617986305249E-10
                   0.439362952248483E-11
                   0.371214205572010E-12
                   0.000000000000000E+00
