                   0.799999560387560E+03
                   0.000000000000000E+00
                   0.135717916942640E+28
                   0.141151301988936E+28
                   0.146778490882103E+28
                   0.152605873292594E+28
                   0.158640045618798E+28
                   0.164887817913485E+28
                   0.171356221055714E+28
                   0.178052514177584E+28
                   0.184984192355618E+28
                   0.192158994576954E+28
                   0.199584911990978E+28
                   0.207270196457479E+28
                   0.215223369402865E+28
                   0.223453230996491E+28
                   0.231968869659679E+28
                   0.240779671920522E+28
                   0.249895332628167E+28
                   0.259325865540853E+28
                   0.269081614302615E+28
                   0.279173263824209E+28
                   0.289611852084525E+28
                   0.300408782369450E+28
                   0.311575835965921E+28
                   0.323125185329706E+28
                   0.335069407746255E+28
                   0.347421499504894E+28
                   0.360194890607496E+28
                   0.373403460033775E+28
                   0.387061551586340E+28
                   0.401183990339729E+28
                   0.415786099718750E+28
                   0.430883719232647E+28
                   0.446493222892854E+28
                   0.462631538343375E+28
                   0.479316166734256E+28
                   0.496565203369993E+28
                   0.514397359166302E+28
                   0.532831982950240E+28
                   0.551889084640361E+28
                   0.571589359345386E+28
                   0.591954212421712E+28
                   0.613005785532080E+28
                   0.634766983749788E+28
                   0.657261503755052E+28
                   0.680513863172397E+28
                   0.704549431100451E+28
                   0.729394459888053E+28
                   0.755076118213328E+28
                   0.781622525525266E+28
                   0.809062787910357E+28
                   0.837427035450076E+28
                   0.866746461138375E+28
                   0.897053361431949E+28
                   0.928381178509840E+28
                   0.960764544322943E+28
                   0.994239326518250E+28
                   0.102884267632715E+29
                   0.106461307851190E+29
                   0.110159040346935E+29
                   0.113981596159651E+29
                   0.117933256002807E+29
                   0.122018456186200E+29
                   0.126241794799593E+29
                   0.130608038170351E+29
                   0.135122127608732E+29
                   0.139789186455250E+29
                   0.144614527445334E+29
                   0.149603660407360E+29
                   0.154762300311077E+29
                   0.160096375684380E+29
                   0.165612037417460E+29
                   0.171315667974425E+29
                   0.177213891033688E+29
                   0.183313581579653E+29
                   0.189621876469552E+29
                   0.196146185500723E+29
                   0.202894203005114E+29
                   0.209873919999414E+29
                   0.217093636920926E+29
                   0.224561976981147E+29
                   0.232287900170945E+29
                   0.240280717953358E+29
                   0.248550108682233E+29
                   0.257106133787331E+29
                   0.265959254769086E+29
                   0.275120351048908E+29
                   0.284600738723879E+29
                   0.294412190277780E+29
                   0.304566955303778E+29
                   0.315077782297660E+29
                   0.325957941584363E+29
                   0.337221249444678E+29
                   0.348882093513418E+29
                   0.360955459525106E+29
                   0.373456959488315E+29
                   0.386402861375303E+29
                   0.399810120419421E+29
                   0.413696412119141E+29
                   0.428080167054324E+29
                   0.442980607627667E+29
                   0.458417786852147E+29
                   0.474412629313743E+29
                   0.490986974447851E+29
                   0.508163622277638E+29
                   0.525966381773178E+29
                   0.544420122001645E+29
                   0.563550826251147E+29
                   0.583385649324117E+29
                   0.603952978210503E+29
                   0.625282496366512E+29
                   0.647405251841417E+29
                   0.670353729513020E+29
                   0.694161927711920E+29
                   0.718865439535884E+29
                   0.744501539178496E+29
                   0.771109273620976E+29
                   0.798729560062861E+29
                   0.827405289496189E+29
                   0.857181436859204E+29
                   0.888105178239566E+29
                   0.920226015633820E+29
                   0.953595909809715E+29
                   0.988269421861096E+29
                   0.102430386409184E+30
                   0.106175946091589E+30
                   0.110069952051534E+30
                   0.114119061805778E+30
                   0.118330279133844E+30
                   0.122710974978240E+30
                   0.127268909781711E+30
                   0.132012257370735E+30
                   0.136949630503237E+30
                   0.142090108208045E+30
                   0.147443265053863E+30
                   0.153019202496623E+30
                   0.158828582466002E+30
                   0.164882663364740E+30
                   0.171193338668194E+30
                   0.177773178326320E+30
                   0.184635473186147E+30
                   0.191794282669655E+30
                   0.199264485959958E+30
                   0.207061836967714E+30
                   0.215203023369817E+30
                   0.223705730033514E+30
                   0.232588707161095E+30
                   0.241871843513139E+30
                   0.251576245091617E+30
                   0.261724319687848E+30
                   0.272339867723826E+30
                   0.283448179838418E+30
                   0.295076141691584E+30
                   0.307252346479320E+30
                   0.320007215668286E+30
                   0.333373128470689E+30
                   0.347384560585115E+30
                   0.362078232725390E+30
                   0.377493269444366E+30
                   0.393671368729265E+30
                   0.410656982795367E+30
                   0.428497510430090E+30
                   0.447243501132991E+30
                   0.466948871150686E+30
                   0.487671131308893E+30
                   0.509471626284205E+30
                   0.532415784620529E+30
                   0.556573378360644E+30
                   0.582018790609478E+30
                   0.608831288644968E+30
                   0.637095299311703E+30
                   0.666900682332397E+30
                   0.698342995805189E+30
                   0.731523746464967E+30
                   0.766550615208706E+30
                   0.803537645842151E+30
                   0.842605381911673E+30
                   0.883880932744762E+30
                   0.927497945333440E+30
                   0.973596453355826E+30
                   0.102232256835687E+31
                   0.107382797085747E+31
                   0.112826915098356E+31
                   0.118580633934419E+31
                   0.124660205994488E+31
                   0.131081922920019E+31
                   0.137861872122493E+31
                   0.145015632466639E+31
                   0.152557904032659E+31
                   0.160502073087303E+31
                   0.168859727079673E+31
                   0.177640162591159E+31
                   0.186849984325884E+31
                   0.196492995990014E+31
                   0.206570757252605E+31
                   0.217084399533288E+31
                   0.228038230006085E+31
                   0.239443626148904E+31
                   0.251310916960662E+31
                   0.263575349299414E+31
                   0.275796781877571E+31
                   0.286593563880493E+31
                   0.296592175054096E+31
                   0.305626551045349E+31
                   0.312980716952898E+31
                   0.318946602305471E+31
                   0.323536210678858E+31
                   0.326520769512319E+31
                   0.327670826320756E+31
                   0.326769368125735E+31
                   0.323624332873268E+31
                   0.318082539687814E+31
                   0.310044384023214E+31
                   0.299478202303054E+31
                   0.286432898216764E+31
                   0.271047225336747E+31
                   0.253554102842237E+31
                   0.234278560562857E+31
                   0.213628394789423E+31
                   0.192077349830601E+31
                   0.170141548954202E+31
                   0.148350855556777E+31
                   0.127217688078122E+31
                   0.107206371325198E+31
                   0.887062461360391E+30
                   0.720114119489488E+30
                   0.573091700812389E+30
                   0.446780934313639E+30
                   0.340953696933693E+30
                   0.254518805482283E+30
                   0.185725980540660E+30
                   0.132394417477462E+30
                   0.921378712453575E+29
                   0.625628756179338E+29
                   0.414242779223543E+29
                   0.267308984966017E+29
                   0.168021131414269E+29
                   0.102822418897904E+29
                   0.612318347806128E+28
                   0.354677874228359E+28
                   0.199742105600051E+28
                   0.109321194732870E+28
                   0.581256325681104E+27
                   0.300121741694337E+27
                   0.150431818743886E+27
                   0.731725721623063E+26
                   0.345290566752574E+26
                   0.158021981197755E+26
                   0.701168203132622E+25
                   0.301565031691921E+25
                   0.125684656673789E+25
                   0.507481906852310E+24
                   0.198470590976126E+24
                   0.751648622877647E+23
                   0.275605417427986E+23
                   0.978207363044193E+22
                   0.336020147638942E+22
                   0.111690550049231E+22
                   0.359181653818399E+21
                   0.111735846958107E+21
                   0.336193729099869E+20
                   0.978244086689031E+19
                   0.275239555992328E+19
                   0.748737117678167E+18
                   0.196904193007938E+18
                   0.500544820130027E+17
                   0.122984869759064E+17
                   0.292039937772439E+16
                   0.670159997048248E+15
                   0.148602755673786E+15
                   0.318387641366901E+14
                   0.659079364584829E+13
                   0.131808924452654E+13
                   0.254655483367466E+12
                   0.475269442732403E+11
                   0.856810609022162E+10
                   0.149200099238994E+10
                   0.250943353365067E+09
                   0.407651648697552E+08
                   0.639581359554158E+07
                   0.969132431352538E+06
                   0.141820900992130E+06
                   0.200427596228804E+05
                   0.273543630213422E+04
                   0.360529121498600E+03
                   0.458873242280110E+02
                   0.563999631235625E+01
                   0.669413852064483E+00
                   0.767250914642397E-01
                   0.849190163878926E-02
                   0.907603499021364E-03
                   0.936721964987630E-04
                   0.933574611784386E-05
                   0.898488113070375E-06
                   0.835030809310132E-07
                   0.749414462496890E-08
                   0.649492614579219E-09
                   0.543579036140607E-10
                   0.439330981999529E-11
                   0.371186745828421E-12
                   0.000000000000000E+00
