 # Time [s], dislocation density [/m^2]
                            0.000000E+00                            0.100000E+15
                            0.100000E-02                            0.100000E+15
                            0.118188E+01                            0.100000E+15
                            0.204593E+01                            0.100000E+15
                            0.353901E+01                            0.100000E+15
                            0.424782E+01                            0.100000E+15
                            0.509838E+01                            0.100000E+15
                            0.609838E+01                            0.100000E+15
                            0.709838E+01                            0.100000E+15
                            0.809838E+01                            0.100000E+15
                            0.909838E+01                            0.100000E+15
                            0.100984E+02                            0.100000E+15
                            0.110984E+02                            0.100000E+15
                            0.120984E+02                            0.100000E+15
                            0.130984E+02                            0.100000E+15
                            0.140984E+02                            0.100000E+15
                            0.150984E+02                            0.100000E+15
                            0.160984E+02                            0.100000E+15
                            0.170984E+02                            0.100000E+15
                            0.180984E+02                            0.100000E+15
                            0.190984E+02                            0.100000E+15
                            0.200984E+02                            0.100000E+15
                            0.210984E+02                            0.100000E+15
                            0.220984E+02                            0.100000E+15
                            0.230984E+02                            0.100000E+15
                            0.240984E+02                            0.100000E+15
                            0.250984E+02                            0.100000E+15
                            0.260984E+02                            0.100000E+15
                            0.270984E+02                            0.100000E+15
                            0.280984E+02                            0.100000E+15
                            0.290984E+02                            0.100000E+15
                            0.300984E+02                            0.100000E+15
                            0.310984E+02                            0.100000E+15
                            0.320984E+02                            0.100000E+15
                            0.330984E+02                            0.100000E+15
                            0.340984E+02                            0.100000E+15
                            0.350984E+02                            0.100000E+15
                            0.360984E+02                            0.100000E+15
                            0.370984E+02                            0.100000E+15
                            0.380984E+02                            0.100000E+15
                            0.390984E+02                            0.100000E+15
                            0.400984E+02                            0.100000E+15
                            0.410984E+02                            0.100000E+15
                            0.420984E+02                            0.100000E+15
                            0.430984E+02                            0.100000E+15
                            0.440984E+02                            0.100000E+15
                            0.450984E+02                            0.100000E+15
                            0.460984E+02                            0.100000E+15
                            0.470984E+02                            0.100000E+15
                            0.480984E+02                            0.100000E+15
                            0.490984E+02                            0.100000E+15
                            0.500984E+02                            0.100000E+15
                            0.510984E+02                            0.100000E+15
                            0.520984E+02                            0.100000E+15
                            0.530984E+02                            0.100000E+15
                            0.540984E+02                            0.100000E+15
                            0.550984E+02                            0.100000E+15
                            0.560984E+02                            0.100000E+15
                            0.570984E+02                            0.100000E+15
                            0.580984E+02                            0.100000E+15
                            0.590984E+02                            0.100000E+15
                            0.600984E+02                            0.100000E+15
                            0.610984E+02                            0.100000E+15
                            0.620984E+02                            0.100000E+15
                            0.630984E+02                            0.100000E+15
                            0.640984E+02                            0.100000E+15
                            0.650984E+02                            0.100000E+15
                            0.660984E+02                            0.100000E+15
                            0.670984E+02                            0.100000E+15
                            0.680984E+02                            0.100000E+15
                            0.690984E+02                            0.100000E+15
                            0.700984E+02                            0.100000E+15
                            0.710984E+02                            0.100000E+15
                            0.720984E+02                            0.100000E+15
                            0.730984E+02                            0.100000E+15
                            0.740984E+02                            0.100000E+15
                            0.750984E+02                            0.100000E+15
                            0.760984E+02                            0.100000E+15
                            0.770984E+02                            0.100000E+15
                            0.780984E+02                            0.100000E+15
                            0.790984E+02                            0.100000E+15
                            0.800984E+02                            0.100000E+15
                            0.810984E+02                            0.100000E+15
                            0.820984E+02                            0.100000E+15
                            0.830984E+02                            0.100000E+15
                            0.840984E+02                            0.100000E+15
                            0.850984E+02                            0.100000E+15
                            0.860984E+02                            0.100000E+15
                            0.870984E+02                            0.100000E+15
                            0.880984E+02                            0.100000E+15
                            0.890984E+02                            0.100000E+15
                            0.900984E+02                            0.100000E+15
                            0.910984E+02                            0.100000E+15
                            0.920984E+02                            0.100000E+15
                            0.930984E+02                            0.100000E+15
                            0.940984E+02                            0.100000E+15
                            0.950984E+02                            0.100000E+15
                            0.960984E+02                            0.100000E+15
                            0.970984E+02                            0.100000E+15
                            0.980984E+02                            0.100000E+15
                            0.990984E+02                            0.100000E+15
                            0.100098E+03                            0.100000E+15
                            0.101098E+03                            0.100000E+15
                            0.102098E+03                            0.100000E+15
                            0.103098E+03                            0.100000E+15
                            0.104098E+03                            0.100000E+15
                            0.105098E+03                            0.100000E+15
                            0.106098E+03                            0.100000E+15
                            0.107098E+03                            0.100000E+15
                            0.108098E+03                            0.100000E+15
                            0.109098E+03                            0.100000E+15
                            0.110098E+03                            0.100000E+15
                            0.111098E+03                            0.100000E+15
                            0.112098E+03                            0.100000E+15
                            0.113098E+03                            0.100000E+15
                            0.114098E+03                            0.100000E+15
                            0.115098E+03                            0.100000E+15
                            0.116098E+03                            0.100000E+15
                            0.117098E+03                            0.100000E+15
                            0.118098E+03                            0.100000E+15
                            0.119098E+03                            0.100000E+15
                            0.120098E+03                            0.100000E+15
                            0.121098E+03                            0.100000E+15
                            0.122098E+03                            0.100000E+15
                            0.123098E+03                            0.100000E+15
                            0.124098E+03                            0.100000E+15
                            0.125098E+03                            0.100000E+15
                            0.126098E+03                            0.100000E+15
                            0.127098E+03                            0.100000E+15
                            0.128098E+03                            0.100000E+15
                            0.129098E+03                            0.100000E+15
                            0.130098E+03                            0.100000E+15
                            0.131098E+03                            0.100000E+15
                            0.132098E+03                            0.100000E+15
                            0.133098E+03                            0.100000E+15
                            0.134098E+03                            0.100000E+15
                            0.135098E+03                            0.100000E+15
                            0.136098E+03                            0.100000E+15
                            0.137098E+03                            0.100000E+15
                            0.138098E+03                            0.100000E+15
                            0.139098E+03                            0.100000E+15
                            0.140098E+03                            0.100000E+15
                            0.141098E+03                            0.100000E+15
                            0.142098E+03                            0.100000E+15
                            0.143098E+03                            0.100000E+15
                            0.144098E+03                            0.100000E+15
                            0.145098E+03                            0.100000E+15
                            0.146098E+03                            0.100000E+15
                            0.147098E+03                            0.100000E+15
                            0.148098E+03                            0.100000E+15
                            0.149098E+03                            0.100000E+15
                            0.150098E+03                            0.100000E+15
                            0.151098E+03                            0.100000E+15
                            0.152098E+03                            0.100000E+15
                            0.153098E+03                            0.100000E+15
                            0.154098E+03                            0.100000E+15
                            0.155098E+03                            0.100000E+15
                            0.156098E+03                            0.100000E+15
                            0.157098E+03                            0.100000E+15
                            0.158098E+03                            0.100000E+15
                            0.159098E+03                            0.100000E+15
                            0.160098E+03                            0.100000E+15
                            0.161098E+03                            0.100000E+15
                            0.162098E+03                            0.100000E+15
                            0.163098E+03                            0.100000E+15
                            0.164098E+03                            0.100000E+15
                            0.165098E+03                            0.100000E+15
                            0.166098E+03                            0.100000E+15
                            0.167098E+03                            0.100000E+15
                            0.168098E+03                            0.100000E+15
                            0.169098E+03                            0.100000E+15
                            0.170098E+03                            0.100000E+15
                            0.171098E+03                            0.100000E+15
                            0.172098E+03                            0.100000E+15
                            0.173098E+03                            0.100000E+15
                            0.174098E+03                            0.100000E+15
                            0.175098E+03                            0.100000E+15
                            0.176098E+03                            0.100000E+15
                            0.177098E+03                            0.100000E+15
                            0.178098E+03                            0.100000E+15
                            0.179098E+03                            0.100000E+15
                            0.180098E+03                            0.100000E+15
                            0.181098E+03                            0.100000E+15
                            0.182098E+03                            0.100000E+15
                            0.183098E+03                            0.100000E+15
                            0.184098E+03                            0.100000E+15
                            0.185098E+03                            0.100000E+15
                            0.186098E+03                            0.100000E+15
                            0.187098E+03                            0.100000E+15
                            0.188098E+03                            0.100000E+15
                            0.189098E+03                            0.100000E+15
                            0.190098E+03                            0.100000E+15
                            0.191098E+03                            0.100000E+15
                            0.192098E+03                            0.100000E+15
                            0.193098E+03                            0.100000E+15
                            0.194098E+03                            0.100000E+15
                            0.195098E+03                            0.100000E+15
                            0.196098E+03                            0.100000E+15
                            0.197098E+03                            0.100000E+15
                            0.198098E+03                            0.100000E+15
                            0.199098E+03                            0.100000E+15
                            0.200098E+03                            0.100000E+15
