  # Bin [m], Precipitate density distribution [/m^4]
                            0.300000E-08                            0.167534E-01
                            0.500000E-08                            0.154083E-01
                            0.700000E-08                            0.151526E-01
                            0.900000E-08                            0.150443E-01
                            0.110000E-07                            0.149844E-01
                            0.130000E-07                            0.149465E-01
                            0.150000E-07                            0.149203E-01
                            0.170000E-07                            0.149011E-01
                            0.190000E-07                            0.148864E-01
                            0.210000E-07                            0.148748E-01
                            0.230000E-07                            0.148655E-01
                            0.250000E-07                            0.148577E-01
                            0.270000E-07                            0.148513E-01
                            0.290000E-07                            0.148457E-01
                            0.310000E-07                            0.148410E-01
                            0.330000E-07                            0.148368E-01
                            0.350000E-07                            0.148332E-01
                            0.370000E-07                            0.148300E-01
                            0.390000E-07                            0.148271E-01
                            0.410000E-07                            0.148245E-01
                            0.430000E-07                            0.148222E-01
                            0.450000E-07                            0.148201E-01
                            0.470000E-07                            0.148181E-01
                            0.490000E-07                            0.148164E-01
                            0.510000E-07                            0.148148E-01
                            0.530000E-07                            0.148133E-01
                            0.550000E-07                            0.148119E-01
                            0.570000E-07                            0.148106E-01
                            0.590000E-07                            0.148094E-01
                            0.610000E-07                            0.148083E-01
                            0.630000E-07                            0.148073E-01
                            0.650000E-07                            0.148063E-01
                            0.670000E-07                            0.148054E-01
                            0.690000E-07                            0.148046E-01
                            0.710000E-07                            0.148038E-01
                            0.730000E-07                            0.148030E-01
                            0.750000E-07                            0.148023E-01
                            0.770000E-07                            0.148016E-01
                            0.790000E-07                            0.148010E-01
                            0.810000E-07                            0.148004E-01
                            0.830000E-07                            0.147998E-01
                            0.850000E-07                            0.147992E-01
                            0.870000E-07                            0.147987E-01
                            0.890000E-07                            0.147982E-01
                            0.910000E-07                            0.147977E-01
                            0.930000E-07                            0.147973E-01
                            0.950000E-07                            0.147968E-01
                            0.970000E-07                            0.147964E-01
                            0.990000E-07                            0.147960E-01
                            0.101000E-06                            0.147956E-01
                            0.103000E-06                            0.147952E-01
                            0.105000E-06                            0.147949E-01
                            0.107000E-06                            0.147945E-01
                            0.109000E-06                            0.147942E-01
                            0.111000E-06                            0.147939E-01
                            0.113000E-06                            0.147936E-01
                            0.115000E-06                            0.147933E-01
                            0.117000E-06                            0.147930E-01
                            0.119000E-06                            0.147927E-01
                            0.121000E-06                            0.147925E-01
                            0.123000E-06                            0.147922E-01
                            0.125000E-06                            0.147920E-01
                            0.127000E-06                            0.147917E-01
                            0.129000E-06                            0.147915E-01
                            0.131000E-06                            0.147913E-01
                            0.133000E-06                            0.147910E-01
                            0.135000E-06                            0.147908E-01
                            0.137000E-06                            0.147906E-01
                            0.139000E-06                            0.147904E-01
                            0.141000E-06                            0.147902E-01
                            0.143000E-06                            0.147900E-01
                            0.145000E-06                            0.147898E-01
                            0.147000E-06                            0.147897E-01
                            0.149000E-06                            0.147895E-01
                            0.151000E-06                            0.147893E-01
                            0.153000E-06                            0.147892E-01
                            0.155000E-06                            0.147890E-01
                            0.157000E-06                            0.147888E-01
                            0.159000E-06                            0.147887E-01
                            0.161000E-06                            0.147885E-01
                            0.163000E-06                            0.147884E-01
                            0.165000E-06                            0.147883E-01
                            0.167000E-06                            0.147881E-01
                            0.169000E-06                            0.147880E-01
                            0.171000E-06                            0.147878E-01
                            0.173000E-06                            0.147877E-01
                            0.175000E-06                            0.147876E-01
                            0.177000E-06                            0.147875E-01
                            0.179000E-06                            0.147874E-01
                            0.181000E-06                            0.147872E-01
                            0.183000E-06                            0.147871E-01
                            0.185000E-06                            0.147870E-01
                            0.187000E-06                            0.147869E-01
                            0.189000E-06                            0.147868E-01
                            0.191000E-06                            0.147867E-01
                            0.193000E-06                            0.147866E-01
                            0.195000E-06                            0.147865E-01
                            0.197000E-06                            0.147864E-01
                            0.199000E-06                            0.147863E-01
                            0.201000E-06                            0.147862E-01
                            0.203000E-06                            0.147861E-01
                            0.205000E-06                            0.147860E-01
                            0.207000E-06                            0.147859E-01
                            0.209000E-06                            0.147858E-01
                            0.211000E-06                            0.147857E-01
                            0.213000E-06                            0.147857E-01
                            0.215000E-06                            0.147856E-01
                            0.217000E-06                            0.147855E-01
                            0.219000E-06                            0.147854E-01
                            0.221000E-06                            0.147853E-01
                            0.223000E-06                            0.147853E-01
                            0.225000E-06                            0.147852E-01
                            0.227000E-06                            0.147851E-01
                            0.229000E-06                            0.147850E-01
                            0.231000E-06                            0.147850E-01
                            0.233000E-06                            0.147849E-01
                            0.235000E-06                            0.147848E-01
                            0.237000E-06                            0.147848E-01
                            0.239000E-06                            0.147847E-01
                            0.241000E-06                            0.147846E-01
                            0.243000E-06                            0.147846E-01
                            0.245000E-06                            0.147845E-01
                            0.247000E-06                            0.147844E-01
                            0.249000E-06                            0.147844E-01
                            0.251000E-06                            0.147843E-01
                            0.253000E-06                            0.147843E-01
                            0.255000E-06                            0.147842E-01
                            0.257000E-06                            0.147841E-01
                            0.259000E-06                            0.147841E-01
                            0.261000E-06                            0.147840E-01
                            0.263000E-06                            0.147840E-01
                            0.265000E-06                            0.147839E-01
                            0.267000E-06                            0.147839E-01
                            0.269000E-06                            0.147838E-01
                            0.271000E-06                            0.147838E-01
                            0.273000E-06                            0.147837E-01
                            0.275000E-06                            0.147837E-01
                            0.277000E-06                            0.147836E-01
                            0.279000E-06                            0.147836E-01
                            0.281000E-06                            0.147835E-01
                            0.283000E-06                            0.147835E-01
                            0.285000E-06                            0.147834E-01
                            0.287000E-06                            0.147834E-01
                            0.289000E-06                            0.147833E-01
                            0.291000E-06                            0.147833E-01
                            0.293000E-06                            0.147832E-01
                            0.295000E-06                            0.147832E-01
                            0.297000E-06                            0.147832E-01
                            0.299000E-06                            0.147831E-01
                            0.301000E-06                            0.147831E-01
                            0.303000E-06                            0.147830E-01
                            0.305000E-06                            0.147830E-01
                            0.307000E-06                            0.147829E-01
                            0.309000E-06                            0.147829E-01
                            0.311000E-06                            0.147829E-01
                            0.313000E-06                            0.147828E-01
                            0.315000E-06                            0.147828E-01
                            0.317000E-06                            0.147828E-01
                            0.319000E-06                            0.147827E-01
                            0.321000E-06                            0.147827E-01
                            0.323000E-06                            0.147826E-01
                            0.325000E-06                            0.147826E-01
                            0.327000E-06                            0.147826E-01
                            0.329000E-06                            0.147825E-01
                            0.331000E-06                            0.147825E-01
                            0.333000E-06                            0.147825E-01
                            0.335000E-06                            0.147824E-01
                            0.337000E-06                            0.147824E-01
                            0.339000E-06                            0.147824E-01
                            0.341000E-06                            0.147823E-01
                            0.343000E-06                            0.147823E-01
                            0.345000E-06                            0.147823E-01
                            0.347000E-06                            0.147822E-01
                            0.349000E-06                            0.147822E-01
                            0.351000E-06                            0.147822E-01
                            0.353000E-06                            0.147822E-01
                            0.355000E-06                            0.147821E-01
                            0.357000E-06                            0.147821E-01
                            0.359000E-06                            0.147821E-01
                            0.361000E-06                            0.147820E-01
                            0.363000E-06                            0.147820E-01
                            0.365000E-06                            0.147820E-01
                            0.367000E-06                            0.147819E-01
                            0.369000E-06                            0.147819E-01
                            0.371000E-06                            0.147819E-01
                            0.373000E-06                            0.147819E-01
                            0.375000E-06                            0.147818E-01
                            0.377000E-06                            0.147818E-01
                            0.379000E-06                            0.147818E-01
                            0.381000E-06                            0.147818E-01
                            0.383000E-06                            0.147817E-01
                            0.385000E-06                            0.147817E-01
                            0.387000E-06                            0.147817E-01
                            0.389000E-06                            0.147817E-01
                            0.391000E-06                            0.147816E-01
                            0.393000E-06                            0.147816E-01
                            0.395000E-06                            0.147816E-01
                            0.397000E-06                            0.147816E-01
                            0.399000E-06                            0.147815E-01
                            0.401000E-06                            0.147815E-01
