                   0.349999124360464E+03
                   0.000000000000000E+00
                   0.291765855638524E+18
                   0.385615904220143E+18
                   0.509797556109557E+18
                   0.674198720211996E+18
                   0.891977143078436E+18
                   0.118066680522330E+19
                   0.156367236205592E+19
                   0.207229532724880E+19
                   0.274849324612222E+19
                   0.364865626924915E+19
                   0.484880730019839E+19
                   0.645181287549269E+19
                   0.859746561204504E+19
                   0.114767211150234E+20
                   0.153520378332628E+20
                   0.205868448259100E+20
                   0.276889531813003E+20
                   0.373757997382619E+20
                   0.506748639596799E+20
                   0.690826167204061E+20
                   0.948244230101206E+20
                   0.131295301634076E+21
                   0.183837096975686E+21
                   0.261162151457790E+21
                   0.378042927279792E+21
                   0.560443538047136E+21
                   0.854871027270476E+21
                   0.134180279293648E+22
                   0.213247198397524E+22
                   0.321262981211063E+22
                   0.369409233249097E+22
                   0.259846476507623E+22
                   0.126830309159905E+22
                   0.422200957032692E+21
                   0.951849416497596E+20
                   0.145112387195473E+20
                   0.149845543904710E+19
                   0.105163475472631E+18
                   0.523185718311460E+16
                   0.000000000000000E+00
