 # Time [s], Diffusion coefficient [m^2/s] 
                            0.000000E+00                            0.293091E-14
                            0.100000E-02                            0.293091E-14
                            0.990001E-01                            0.293091E-14
                            0.199000E+00                            0.293091E-14
                            0.299000E+00                            0.293091E-14
                            0.399000E+00                            0.293091E-14
                            0.499000E+00                            0.293091E-14
                            0.599000E+00                            0.293091E-14
                            0.699001E+00                            0.293091E-14
                            0.799001E+00                            0.293091E-14
                            0.899001E+00                            0.293091E-14
                            0.999000E+00                            0.293091E-14
                            0.109900E+01                            0.293091E-14
