  # Bin [m], Precipitate density distribution [/m^4]
                            0.398107E-09                            0.451131E+00
                            0.501187E-09                            0.291535E+00
                            0.630957E-09                            0.206100E+00
                            0.794328E-09                            0.156473E+00
                            0.100000E-08                            0.125721E+00
                            0.125893E-08                            0.105663E+00
                            0.158489E-08                            0.920370E-01
                            0.199526E-08                            0.824772E-01
                            0.251189E-08                            0.755965E-01
                            0.316228E-08                            0.705424E-01
                            0.398107E-08                            0.667697E-01
                            0.501187E-08                            0.639173E-01
                            0.630957E-08                            0.617386E-01
                            0.794328E-08                            0.600611E-01
                            0.100000E-07                            0.587611E-01
                            0.125893E-07                            0.577486E-01
                            0.158489E-07                            0.569568E-01
                            0.199526E-07                            0.563355E-01
                            0.251189E-07                            0.558469E-01
                            0.316228E-07                            0.554618E-01
                            0.398107E-07                            0.551578E-01
                            0.501187E-07                            0.549175E-01
                            0.630957E-07                            0.547274E-01
