 #Time, [s], Average Radius [nm], Total precipitate density [/micron^3], Volume fraction [], Critical radius [nm], Nucleation rate [/micron^3/s], Concentration in the matrix [at %]
                                0.000000                               19.000000                            0.304894E+04                            0.100000E+00                            0.300000E+01                            0.000000E+00                            0.725556E-01                            0.000000E+00
                                0.001000                               19.003785                            0.304894E+04                            0.100055E+00                            0.300000E+01                            0.330632E-04                            0.725447E-01                            0.000000E+00
                                1.002882                               17.497245                            0.188854E+12                            0.570680E+07                            0.300000E+01                            0.392540E-03                            0.250000E+00                           -0.000000E+00
                                2.002046                               23.703616                            0.382792E+12                            0.290304E+08                            0.300000E+01                            0.392540E-03                            0.250000E+00                           -0.000000E+00
                                3.001210                               28.508990                            0.576729E+12                            0.762839E+08                            0.300000E+01                            0.392540E-03                            0.250000E+00                           -0.000000E+00
                                4.000374                               32.575171                            0.770667E+12                            0.152196E+09                            0.300000E+01                            0.392540E-03                            0.250000E+00                           -0.000000E+00
                                4.999538                               36.164933                            0.964604E+12                            0.260738E+09                            0.300000E+01                            0.392540E-03                            0.250000E+00                           -0.000000E+00
                                6.006271                               39.438152                            0.116001E+13                            0.406643E+09                            0.300000E+01                            0.392540E-03                            0.250000E+00                           -0.000000E+00
                                7.005435                               42.427542                            0.135395E+13                            0.590894E+09                            0.300000E+01                            0.392540E-03                            0.250000E+00                           -0.000000E+00
                                8.004599                               45.212094                            0.154789E+13                            0.817344E+09                            0.300000E+01                            0.392540E-03                            0.250000E+00                           -0.000000E+00
                                9.003763                               47.828916                            0.174182E+13                            0.108869E+10                            0.300000E+01                            0.392540E-03                            0.250000E+00                           -0.000000E+00
                               10.002927                               50.305103                            0.193576E+13                            0.140748E+10                            0.300000E+01                            0.392540E-03                            0.250000E+00                           -0.000000E+00
                               11.002091                               52.661157                            0.212970E+13                            0.177610E+10                            0.300000E+01                            0.392540E-03                            0.250000E+00                           -0.000000E+00
                               12.001255                               54.913033                            0.232363E+13                            0.219682E+10                            0.300000E+01                            0.392540E-03                            0.250000E+00                           -0.000000E+00
                               13.000419                               57.073440                            0.251757E+13                            0.267185E+10                            0.300000E+01                            0.392540E-03                            0.250000E+00                           -0.000000E+00
                               13.999583                               59.152696                            0.271151E+13                            0.320325E+10                            0.300000E+01                            0.392540E-03                            0.250000E+00                           -0.000000E+00
                               15.006316                               61.174256                            0.290692E+13                            0.379774E+10                            0.300000E+01                            0.392540E-03                            0.250000E+00                           -0.000000E+00
                               16.005480                               63.114881                            0.310085E+13                            0.444833E+10                            0.300000E+01                            0.392540E-03                            0.250000E+00                           -0.000000E+00
                               17.004644                               64.996057                            0.329479E+13                            0.516115E+10                            0.300000E+01                            0.392540E-03                            0.250000E+00                           -0.000000E+00
                               18.003808                               66.822935                            0.348873E+13                            0.593801E+10                            0.300000E+01                            0.392540E-03                            0.250000E+00                           -0.000000E+00
                               19.002972                               68.599961                            0.368267E+13                            0.678068E+10                            0.300000E+01                            0.392540E-03                            0.250000E+00                           -0.000000E+00
                               20.002136                               70.331008                            0.387660E+13                            0.769087E+10                            0.300000E+01                            0.392540E-03                            0.250000E+00                           -0.000000E+00
                               21.001300                               72.019470                            0.407054E+13                            0.867027E+10                            0.300000E+01                            0.392540E-03                            0.250000E+00                           -0.000000E+00
                               22.000464                               73.668343                            0.426448E+13                            0.972050E+10                            0.300000E+01                            0.392540E-03                            0.250000E+00                           -0.000000E+00
                               22.999628                               75.280288                            0.445842E+13                            0.108432E+11                            0.300000E+01                            0.392540E-03                            0.250000E+00                           -0.000000E+00
                               24.006361                               76.869505                            0.465382E+13                            0.120491E+11                            0.300000E+01                            0.392540E-03                            0.250000E+00                           -0.000000E+00
                               25.005525                               78.414238                            0.484776E+13                            0.133219E+11                            0.300000E+01                            0.392540E-03                            0.250000E+00                           -0.000000E+00
                               26.004689                               79.928485                            0.504170E+13                            0.146716E+11                            0.300000E+01                            0.392540E-03                            0.250000E+00                           -0.000000E+00
                               27.003853                               81.413982                            0.523563E+13                            0.160998E+11                            0.300000E+01                            0.392540E-03                            0.250000E+00                           -0.000000E+00
                               28.003017                               82.872307                            0.542957E+13                            0.176079E+11                            0.300000E+01                            0.392540E-03                            0.250000E+00                           -0.000000E+00
                               29.002181                               84.304899                            0.562351E+13                            0.191974E+11                            0.300000E+01                            0.392540E-03                            0.250000E+00                           -0.000000E+00
                               30.001345                               85.713074                            0.581745E+13                            0.208695E+11                            0.300000E+01                            0.392540E-03                            0.250000E+00                           -0.000000E+00
                               31.000509                               87.098040                            0.601138E+13                            0.226257E+11                            0.300000E+01                            0.392540E-03                            0.250000E+00                           -0.000000E+00
                               31.999673                               88.460907                            0.620532E+13                            0.244673E+11                            0.300000E+01                            0.392540E-03                            0.250000E+00                           -0.000000E+00
                               33.006406                               89.812788                            0.640073E+13                            0.264106E+11                            0.300000E+01                            0.392540E-03                            0.250000E+00                           -0.000000E+00
                               34.005570                               91.134308                            0.659466E+13                            0.284276E+11                            0.300000E+01                            0.392540E-03                            0.250000E+00                           -0.000000E+00
                               35.004734                               92.436589                            0.678860E+13                            0.305340E+11                            0.300000E+01                            0.392540E-03                            0.250000E+00                           -0.000000E+00
                               36.003898                               93.720448                            0.698254E+13                            0.327308E+11                            0.300000E+01                            0.392540E-03                            0.250000E+00                           -0.000000E+00
                               37.003062                               94.986644                            0.717648E+13                            0.350195E+11                            0.300000E+01                            0.392540E-03                            0.250000E+00                           -0.000000E+00
                               38.002226                               96.235888                            0.737041E+13                            0.374012E+11                            0.300000E+01                            0.392540E-03                            0.250000E+00                           -0.000000E+00
                               39.001390                               97.468843                            0.756435E+13                            0.398772E+11                            0.300000E+01                            0.392540E-03                            0.250000E+00                           -0.000000E+00
                               40.000554                               98.686129                            0.775829E+13                            0.424485E+11                            0.300000E+01                            0.392540E-03                            0.250000E+00                           -0.000000E+00
                               40.999718                               99.888330                            0.795223E+13                            0.451165E+11                            0.300000E+01                            0.392540E-03                            0.250000E+00                           -0.000000E+00
                               42.006451                              101.084936                            0.814763E+13                            0.479035E+11                            0.300000E+01                            0.392540E-03                            0.250000E+00                           -0.000000E+00
                               43.005615                              102.258470                            0.834157E+13                            0.507689E+11                            0.300000E+01                            0.392540E-03                            0.250000E+00                           -0.000000E+00
                               44.004779                              103.418471                            0.853551E+13                            0.537343E+11                            0.300000E+01                            0.392540E-03                            0.250000E+00                           -0.000000E+00
                               45.003943                              104.565394                            0.872944E+13                            0.568008E+11                            0.300000E+01                            0.392540E-03                            0.250000E+00                           -0.000000E+00
                               46.003107                              105.699674                            0.892338E+13                            0.599697E+11                            0.300000E+01                            0.392540E-03                            0.250000E+00                           -0.000000E+00
                               47.002271                              106.821719                            0.911732E+13                            0.632419E+11                            0.300000E+01                            0.392540E-03                            0.250000E+00                           -0.000000E+00
                               48.001435                              107.931916                            0.931126E+13                            0.666186E+11                            0.300000E+01                            0.392540E-03                            0.250000E+00                           -0.000000E+00
                               49.000599                              109.030634                            0.950519E+13                            0.701008E+11                            0.300000E+01                            0.392540E-03                            0.250000E+00                           -0.000000E+00
                               49.999763                              110.118220                            0.969913E+13                            0.736896E+11                            0.300000E+01                            0.392540E-03                            0.250000E+00                           -0.000000E+00
                               51.006497                              111.203125                            0.989454E+13                            0.774144E+11                            0.300000E+01                            0.392540E-03                            0.250000E+00                           -0.000000E+00
                               52.005661                              112.269350                            0.100885E+14                            0.812204E+11                            0.300000E+01                            0.392540E-03                            0.250000E+00                           -0.000000E+00
                               53.004824                              113.325395                            0.102824E+14                            0.851360E+11                            0.300000E+01                            0.392540E-03                            0.250000E+00                           -0.000000E+00
                               54.003988                              114.371544                            0.104764E+14                            0.891624E+11                            0.300000E+01                            0.392540E-03                            0.250000E+00                           -0.000000E+00
                               55.003152                              115.408071                            0.106703E+14                            0.933005E+11                            0.300000E+01                            0.392540E-03                            0.250000E+00                           -0.000000E+00
                               56.002316                              116.435237                            0.108642E+14                            0.975514E+11                            0.300000E+01                            0.392540E-03                            0.250000E+00                           -0.000000E+00
                               57.001480                              117.453291                            0.110582E+14                            0.101916E+12                            0.300000E+01                            0.392540E-03                            0.250000E+00                           -0.000000E+00
                               58.000644                              118.462471                            0.112521E+14                            0.106395E+12                            0.300000E+01                            0.392540E-03                            0.250000E+00                           -0.000000E+00
                               58.999808                              119.463006                            0.114460E+14                            0.110990E+12                            0.300000E+01                            0.392540E-03                            0.250000E+00                           -0.000000E+00
                               60.006542                              120.462597                            0.116414E+14                            0.115738E+12                            0.300000E+01                            0.392540E-03                            0.250000E+00                           -0.000000E+00
                               61.005706                              121.446425                            0.118354E+14                            0.120568E+12                            0.300000E+01                            0.392540E-03                            0.250000E+00                           -0.000000E+00
                               62.004870                              122.422237                            0.120293E+14                            0.125517E+12                            0.300000E+01                            0.392540E-03                            0.250000E+00                           -0.000000E+00
                               63.004034                              123.390227                            0.122233E+14                            0.130586E+12                            0.300000E+01                            0.392540E-03                            0.250000E+00                           -0.000000E+00
                               64.003198                              124.350579                            0.124172E+14                            0.135774E+12                            0.300000E+01                            0.392540E-03                            0.250000E+00                           -0.000000E+00
                               65.002361                              125.303472                            0.126111E+14                            0.141084E+12                            0.300000E+01                            0.392540E-03                            0.250000E+00                           -0.000000E+00
                               66.001525                              126.249077                            0.128051E+14                            0.146517E+12                            0.300000E+01                            0.392540E-03                            0.250000E+00                           -0.000000E+00
                               67.000689                              127.187558                            0.129990E+14                            0.152073E+12                            0.300000E+01                            0.392540E-03                            0.250000E+00                           -0.000000E+00
                               67.999853                              128.119073                            0.131929E+14                            0.157752E+12                            0.300000E+01                            0.392540E-03                            0.250000E+00                           -0.000000E+00
                               68.999017                              129.043777                            0.133869E+14                            0.163557E+12                            0.300000E+01                            0.392540E-03                            0.250000E+00                           -0.000000E+00
                               70.005751                              129.968746                            0.135823E+14                            0.169533E+12                            0.300000E+01                            0.392540E-03                            0.250000E+00                           -0.000000E+00
                               71.004915                              130.880213                            0.137762E+14                            0.175592E+12                            0.300000E+01                            0.392540E-03                            0.250000E+00                           -0.000000E+00
                               72.004079                              131.785295                            0.139702E+14                            0.181778E+12                            0.300000E+01                            0.392540E-03                            0.250000E+00                           -0.000000E+00
                               73.003243                              132.684125                            0.141641E+14                            0.188093E+12                            0.300000E+01                            0.392540E-03                            0.250000E+00                           -0.000000E+00
                               74.002407                              133.576831                            0.143580E+14                            0.194537E+12                            0.300000E+01                            0.392540E-03                            0.250000E+00                           -0.000000E+00
                               75.001571                              134.463535                            0.145520E+14                            0.201111E+12                            0.300000E+01                            0.392540E-03                            0.250000E+00                           -0.000000E+00
                               76.000735                              135.344358                            0.147459E+14                            0.207817E+12                            0.300000E+01                            0.392540E-03                            0.250000E+00                           -0.000000E+00
                               76.999898                              136.219414                            0.149398E+14                            0.214654E+12                            0.300000E+01                            0.392540E-03                            0.250000E+00                           -0.000000E+00
                               77.999062                              137.088817                            0.151338E+14                            0.221625E+12                            0.300000E+01                            0.392540E-03                            0.250000E+00                           -0.000000E+00
                               79.005796                              137.959197                            0.153292E+14                            0.228783E+12                            0.300000E+01                            0.392540E-03                            0.250000E+00                           -0.000000E+00
                               80.004960                              138.817571                            0.155231E+14                            0.236023E+12                            0.300000E+01                            0.392540E-03                            0.250000E+00                           -0.000000E+00
                               81.004124                              139.670606                            0.157171E+14                            0.243398E+12                            0.300000E+01                            0.392540E-03                            0.250000E+00                           -0.000000E+00
                               82.003288                              140.518400                            0.159110E+14                            0.250909E+12                            0.300000E+01                            0.392540E-03                            0.250000E+00                           -0.000000E+00
                               83.002452                              141.361049                            0.161049E+14                            0.258557E+12                            0.300000E+01                            0.392540E-03                            0.250000E+00                           -0.000000E+00
                               84.001616                              142.198646                            0.162989E+14                            0.266343E+12                            0.300000E+01                            0.392540E-03                            0.250000E+00                           -0.000000E+00
                               85.000780                              143.031280                            0.164928E+14                            0.274268E+12                            0.300000E+01                            0.392540E-03                            0.250000E+00                           -0.000000E+00
                               85.999944                              143.859038                            0.166868E+14                            0.282332E+12                            0.300000E+01                            0.392540E-03                            0.250000E+00                           -0.000000E+00
                               86.999108                              144.682006                            0.168807E+14                            0.290536E+12                            0.300000E+01                            0.392540E-03                            0.250000E+00                           -0.000000E+00
                               88.005841                              145.506445                            0.170761E+14                            0.298945E+12                            0.300000E+01                            0.392540E-03                            0.250000E+00                           -0.000000E+00
                               89.005005                              146.320040                            0.172700E+14                            0.307434E+12                            0.300000E+01                            0.392540E-03                            0.250000E+00                           -0.000000E+00
                               90.004169                              147.129085                            0.174640E+14                            0.316064E+12                            0.300000E+01                            0.392540E-03                            0.250000E+00                           -0.000000E+00
                               91.003333                              147.933654                            0.176579E+14                            0.324838E+12                            0.300000E+01                            0.392540E-03                            0.250000E+00                           -0.000000E+00
                               92.002497                              148.733822                            0.178518E+14                            0.333757E+12                            0.300000E+01                            0.392540E-03                            0.250000E+00                           -0.000000E+00
                               93.001661                              149.529659                            0.180458E+14                            0.342820E+12                            0.300000E+01                            0.392540E-03                            0.250000E+00                           -0.000000E+00
                               94.000825                              150.321236                            0.182397E+14                            0.352029E+12                            0.300000E+01                            0.392540E-03                            0.250000E+00                           -0.000000E+00
                               94.999989                              151.108620                            0.184337E+14                            0.361384E+12                            0.300000E+01                            0.392540E-03                            0.250000E+00                           -0.000000E+00
                               95.999153                              151.891878                            0.186276E+14                            0.370887E+12                            0.300000E+01                            0.392540E-03                            0.250000E+00                           -0.000000E+00
                               97.005886                              152.676960                            0.188230E+14                            0.380611E+12                            0.300000E+01                            0.392540E-03                            0.250000E+00                           -0.000000E+00
                               98.005050                              153.452124                            0.190169E+14                            0.390411E+12                            0.300000E+01                            0.392540E-03                            0.250000E+00                           -0.000000E+00
                               99.004214                              154.223349                            0.192109E+14                            0.400361E+12                            0.300000E+01                            0.392540E-03                            0.250000E+00                           -0.000000E+00
                              100.003378                              154.990695                            0.194048E+14                            0.410461E+12                            0.300000E+01                            0.392540E-03                            0.250000E+00                           -0.000000E+00
                              101.002542                              155.754220                            0.195988E+14                            0.420712E+12                            0.300000E+01                            0.392540E-03                            0.250000E+00                           -0.000000E+00
                              102.001706                              156.513980                            0.197927E+14                            0.431115E+12                            0.300000E+01                            0.392540E-03                            0.250000E+00                           -0.000000E+00
                              103.000870                              157.270031                            0.199866E+14                            0.441671E+12                            0.300000E+01                            0.392540E-03                            0.250000E+00                           -0.000000E+00
                              104.000034                              158.022425                            0.201806E+14                            0.452379E+12                            0.300000E+01                            0.392540E-03                            0.250000E+00                           -0.000000E+00
                              104.999198                              158.771216                            0.203745E+14                            0.463241E+12                            0.300000E+01                            0.392540E-03                            0.250000E+00                           -0.000000E+00
                              106.005931                              159.522088                            0.205699E+14                            0.474342E+12                            0.300000E+01                            0.392540E-03                            0.250000E+00                           -0.000000E+00
                              107.005095                              160.263799                            0.207638E+14                            0.485516E+12                            0.300000E+01                            0.392540E-03                            0.250000E+00                           -0.000000E+00
                              108.004259                              161.002057                            0.209578E+14                            0.496845E+12                            0.300000E+01                            0.392540E-03                            0.250000E+00                           -0.000000E+00
                              109.003423                              161.736910                            0.211517E+14                            0.508331E+12                            0.300000E+01                            0.392540E-03                            0.250000E+00                           -0.000000E+00
                              110.002587                              162.468405                            0.213457E+14                            0.519975E+12                            0.300000E+01                            0.392540E-03                            0.250000E+00                           -0.000000E+00
                              111.001751                              163.196588                            0.215396E+14                            0.531777E+12                            0.300000E+01                            0.392540E-03                            0.250000E+00                           -0.000000E+00
                              112.000915                              163.921502                            0.217335E+14                            0.543738E+12                            0.300000E+01                            0.392540E-03                            0.250000E+00                           -0.000000E+00
                              113.000079                              164.643192                            0.219275E+14                            0.555858E+12                            0.300000E+01                            0.392540E-03                            0.250000E+00                           -0.000000E+00
                              113.999243                              165.361701                            0.221214E+14                            0.568139E+12                            0.300000E+01                            0.392540E-03                            0.250000E+00                           -0.000000E+00
                              115.005976                              166.082477                            0.223168E+14                            0.580676E+12                            0.300000E+01                            0.392540E-03                            0.250000E+00                           -0.000000E+00
                              116.005140                              166.794722                            0.225108E+14                            0.593280E+12                            0.300000E+01                            0.392540E-03                            0.250000E+00                           -0.000000E+00
                              117.004304                              167.503909                            0.227047E+14                            0.606047E+12                            0.300000E+01                            0.392540E-03                            0.250000E+00                           -0.000000E+00
                              118.003468                              168.210076                            0.228986E+14                            0.618977E+12                            0.300000E+01                            0.392540E-03                            0.250000E+00                           -0.000000E+00
                              119.002632                              168.913261                            0.230926E+14                            0.632071E+12                            0.300000E+01                            0.392540E-03                            0.250000E+00                           -0.000000E+00
                              120.001796                              169.613502                            0.232865E+14                            0.645329E+12                            0.300000E+01                            0.392540E-03                            0.250000E+00                           -0.000000E+00
                              121.000960                              170.310836                            0.234804E+14                            0.658752E+12                            0.300000E+01                            0.392540E-03                            0.250000E+00                           -0.000000E+00
                              122.000124                              171.005297                            0.236744E+14                            0.672341E+12                            0.300000E+01                            0.392540E-03                            0.250000E+00                           -0.000000E+00
                              122.999288                              171.696923                            0.238683E+14                            0.686097E+12                            0.300000E+01                            0.392540E-03                            0.250000E+00                           -0.000000E+00
                              124.006021                              172.390954                            0.240637E+14                            0.700125E+12                            0.300000E+01                            0.392540E-03                            0.250000E+00                           -0.000000E+00
                              125.005185                              173.076989                            0.242577E+14                            0.714217E+12                            0.300000E+01                            0.392540E-03                            0.250000E+00                           -0.000000E+00
                              126.004349                              173.760288                            0.244516E+14                            0.728477E+12                            0.300000E+01                            0.392540E-03                            0.250000E+00                           -0.000000E+00
                              127.003513                              174.440885                            0.246455E+14                            0.742906E+12                            0.300000E+01                            0.392540E-03                            0.250000E+00                           -0.000000E+00
                              128.002677                              175.118812                            0.248395E+14                            0.757505E+12                            0.300000E+01                            0.392540E-03                            0.250000E+00                           -0.000000E+00
                              129.001841                              175.794100                            0.250334E+14                            0.772274E+12                            0.300000E+01                            0.392540E-03                            0.250000E+00                           -0.000000E+00
                              130.001005                              176.466778                            0.252273E+14                            0.787214E+12                            0.300000E+01                            0.392540E-03                            0.250000E+00                           -0.000000E+00
                              131.000169                              177.136878                            0.254213E+14                            0.802326E+12                            0.300000E+01                            0.392540E-03                            0.250000E+00                           -0.000000E+00
                              131.999333                              177.804429                            0.256152E+14                            0.817610E+12                            0.300000E+01                            0.392540E-03                            0.250000E+00                           -0.000000E+00
                              133.006066                              178.474487                            0.258106E+14                            0.833186E+12                            0.300000E+01                            0.392540E-03                            0.250000E+00                           -0.000000E+00
                              134.005230                              179.137006                            0.260046E+14                            0.848818E+12                            0.300000E+01                            0.392540E-03                            0.250000E+00                           -0.000000E+00
                              135.004394                              179.797061                            0.261985E+14                            0.864624E+12                            0.300000E+01                            0.392540E-03                            0.250000E+00                           -0.000000E+00
                              136.003558                              180.454680                            0.263924E+14                            0.880606E+12                            0.300000E+01                            0.392540E-03                            0.250000E+00                           -0.000000E+00
                              137.002722                              181.109888                            0.265864E+14                            0.896763E+12                            0.300000E+01                            0.392540E-03                            0.250000E+00                           -0.000000E+00
                              138.001886                              181.762712                            0.267803E+14                            0.913096E+12                            0.300000E+01                            0.392540E-03                            0.250000E+00                           -0.000000E+00
                              139.001050                              182.413179                            0.269742E+14                            0.929606E+12                            0.300000E+01                            0.392540E-03                            0.250000E+00                           -0.000000E+00
                              140.000214                              183.061313                            0.271682E+14                            0.946294E+12                            0.300000E+01                            0.392540E-03                            0.250000E+00                           -0.000000E+00
                              140.999378                              183.707140                            0.273621E+14                            0.963159E+12                            0.300000E+01                            0.392540E-03                            0.250000E+00                           -0.000000E+00
                              142.006112                              184.355550                            0.275575E+14                            0.980333E+12                            0.300000E+01                            0.392540E-03                            0.250000E+00                           -0.000000E+00
                              143.005276                              184.996817                            0.277515E+14                            0.997558E+12                            0.300000E+01                            0.392540E-03                            0.250000E+00                           -0.000000E+00
                              144.004440                              185.635849                            0.279454E+14                            0.101496E+13                            0.300000E+01                            0.392540E-03                            0.250000E+00                           -0.000000E+00
                              145.003603                              186.272669                            0.281393E+14                            0.103255E+13                            0.300000E+01                            0.392540E-03                            0.250000E+00                           -0.000000E+00
                              146.002767                              186.907299                            0.283333E+14                            0.105031E+13                            0.300000E+01                            0.392540E-03                            0.250000E+00                           -0.000000E+00
                              147.001931                              187.539763                            0.285272E+14                            0.106826E+13                            0.300000E+01                            0.392540E-03                            0.250000E+00                           -0.000000E+00
                              148.001095                              188.170082                            0.287212E+14                            0.108639E+13                            0.300000E+01                            0.392540E-03                            0.250000E+00                           -0.000000E+00
                              149.000259                              188.798278                            0.289151E+14                            0.110471E+13                            0.300000E+01                            0.392540E-03                            0.250000E+00                           -0.000000E+00
                              149.999423                              189.424372                            0.291090E+14                            0.112321E+13                            0.300000E+01                            0.392540E-03                            0.250000E+00                           -0.000000E+00
                              151.006157                              190.053105                            0.293044E+14                            0.114203E+13                            0.300000E+01                            0.392540E-03                            0.250000E+00                           -0.000000E+00
                              152.005321                              190.675042                            0.294984E+14                            0.116090E+13                            0.300000E+01                            0.392540E-03                            0.250000E+00                           -0.000000E+00
                              153.004485                              191.294940                            0.296923E+14                            0.117995E+13                            0.300000E+01                            0.392540E-03                            0.250000E+00                           -0.000000E+00
                              154.003649                              191.912818                            0.298862E+14                            0.119919E+13                            0.300000E+01                            0.392540E-03                            0.250000E+00                           -0.000000E+00
                              155.002813                              192.528695                            0.300802E+14                            0.121862E+13                            0.300000E+01                            0.392540E-03                            0.250000E+00                           -0.000000E+00
                              156.001977                              193.142592                            0.302741E+14                            0.123823E+13                            0.300000E+01                            0.392540E-03                            0.250000E+00                           -0.000000E+00
                              157.001140                              193.754527                            0.304681E+14                            0.125803E+13                            0.300000E+01                            0.392540E-03                            0.250000E+00                           -0.000000E+00
                              158.000304                              194.364518                            0.306620E+14                            0.127802E+13                            0.300000E+01                            0.392540E-03                            0.250000E+00                           -0.000000E+00
                              158.999468                              194.972584                            0.308559E+14                            0.129820E+13                            0.300000E+01                            0.392540E-03                            0.250000E+00                           -0.000000E+00
                              160.006202                              195.583329                            0.310513E+14                            0.131872E+13                            0.300000E+01                            0.392540E-03                            0.250000E+00                           -0.000000E+00
                              161.005366                              196.187585                            0.312453E+14                            0.133928E+13                            0.300000E+01                            0.392540E-03                            0.250000E+00                           -0.000000E+00
                              162.004530                              196.789971                            0.314392E+14                            0.136003E+13                            0.300000E+01                            0.392540E-03                            0.250000E+00                           -0.000000E+00
                              163.003694                              197.390502                            0.316332E+14                            0.138097E+13                            0.300000E+01                            0.392540E-03                            0.250000E+00                           -0.000000E+00
                              164.002858                              197.989196                            0.318271E+14                            0.140210E+13                            0.300000E+01                            0.392540E-03                            0.250000E+00                           -0.000000E+00
                              165.002022                              198.586070                            0.320210E+14                            0.142343E+13                            0.300000E+01                            0.392540E-03                            0.250000E+00                           -0.000000E+00
                              166.001186                              199.181141                            0.322150E+14                            0.144495E+13                            0.300000E+01                            0.392540E-03                            0.250000E+00                           -0.000000E+00
                              167.000350                              199.774424                            0.324089E+14                            0.146666E+13                            0.300000E+01                            0.392540E-03                            0.250000E+00                           -0.000000E+00
                              167.999513                              200.365935                            0.326028E+14                            0.148857E+13                            0.300000E+01                            0.392540E-03                            0.250000E+00                           -0.000000E+00
                              169.006247                              200.960152                            0.327982E+14                            0.151084E+13                            0.300000E+01                            0.392540E-03                            0.250000E+00                           -0.000000E+00
                              170.005411                              201.548155                            0.329922E+14                            0.153314E+13                            0.300000E+01                            0.392540E-03                            0.250000E+00                           -0.000000E+00
                              171.004575                              202.134432                            0.331861E+14                            0.155563E+13                            0.300000E+01                            0.392540E-03                            0.250000E+00                           -0.000000E+00
                              172.003739                              202.719001                            0.333801E+14                            0.157832E+13                            0.300000E+01                            0.392540E-03                            0.250000E+00                           -0.000000E+00
                              173.002903                              203.301874                            0.335740E+14                            0.160121E+13                            0.300000E+01                            0.392540E-03                            0.250000E+00                           -0.000000E+00
                              174.002067                              203.883068                            0.337679E+14                            0.162429E+13                            0.300000E+01                            0.392540E-03                            0.250000E+00                           -0.000000E+00
                              175.001231                              204.462595                            0.339619E+14                            0.164758E+13                            0.300000E+01                            0.392540E-03                            0.250000E+00                           -0.000000E+00
                              176.000395                              205.040472                            0.341558E+14                            0.167106E+13                            0.300000E+01                            0.392540E-03                            0.250000E+00                           -0.000000E+00
                              176.999559                              205.616711                            0.343497E+14                            0.169474E+13                            0.300000E+01                            0.392540E-03                            0.250000E+00                           -0.000000E+00
                              178.006292                              206.195673                            0.345452E+14                            0.171881E+13                            0.300000E+01                            0.392540E-03                            0.250000E+00                           -0.000000E+00
                              179.005456                              206.768666                            0.347391E+14                            0.174289E+13                            0.300000E+01                            0.392540E-03                            0.250000E+00                           -0.000000E+00
                              180.004620                              207.340064                            0.349330E+14                            0.176717E+13                            0.300000E+01                            0.392540E-03                            0.250000E+00                           -0.000000E+00
                              181.003784                              207.909878                            0.351270E+14                            0.179166E+13                            0.300000E+01                            0.392540E-03                            0.250000E+00                           -0.000000E+00
                              182.002948                              208.478122                            0.353209E+14                            0.181635E+13                            0.300000E+01                            0.392540E-03                            0.250000E+00                           -0.000000E+00
                              183.002112                              209.044809                            0.355148E+14                            0.184124E+13                            0.300000E+01                            0.392540E-03                            0.250000E+00                           -0.000000E+00
                              184.001276                              209.609951                            0.357088E+14                            0.186633E+13                            0.300000E+01                            0.392540E-03                            0.250000E+00                           -0.000000E+00
                              185.000440                              210.173562                            0.359027E+14                            0.189163E+13                            0.300000E+01                            0.392540E-03                            0.250000E+00                           -0.000000E+00
                              185.999604                              210.735654                            0.360967E+14                            0.191713E+13                            0.300000E+01                            0.392540E-03                            0.250000E+00                           -0.000000E+00
                              187.006337                              211.300479                            0.362921E+14                            0.194303E+13                            0.300000E+01                            0.392540E-03                            0.250000E+00                           -0.000000E+00
                              188.005501                              211.859557                            0.364860E+14                            0.196895E+13                            0.300000E+01                            0.392540E-03                            0.250000E+00                           -0.000000E+00
                              189.004665                              212.417152                            0.366799E+14                            0.199506E+13                            0.300000E+01                            0.392540E-03                            0.250000E+00                           -0.000000E+00
                              190.003829                              212.973275                            0.368739E+14                            0.202139E+13                            0.300000E+01                            0.392540E-03                            0.250000E+00                           -0.000000E+00
                              191.002993                              213.527939                            0.370678E+14                            0.204792E+13                            0.300000E+01                            0.392540E-03                            0.250000E+00                           -0.000000E+00
                              192.002157                              214.081154                            0.372617E+14                            0.207466E+13                            0.300000E+01                            0.392540E-03                            0.250000E+00                           -0.000000E+00
                              193.001321                              214.632933                            0.374557E+14                            0.210161E+13                            0.300000E+01                            0.392540E-03                            0.250000E+00                           -0.000000E+00
                              194.000485                              215.183285                            0.376496E+14                            0.212877E+13                            0.300000E+01                            0.392540E-03                            0.250000E+00                           -0.000000E+00
                              194.999649                              215.732222                            0.378436E+14                            0.215613E+13                            0.300000E+01                            0.392540E-03                            0.250000E+00                           -0.000000E+00
                              196.006382                              216.283898                            0.380390E+14                            0.218392E+13                            0.300000E+01                            0.392540E-03                            0.250000E+00                           -0.000000E+00
                              197.005546                              216.830028                            0.382329E+14                            0.221170E+13                            0.300000E+01                            0.392540E-03                            0.250000E+00                           -0.000000E+00
                              198.004710                              217.374774                            0.384268E+14                            0.223970E+13                            0.300000E+01                            0.392540E-03                            0.250000E+00                           -0.000000E+00
                              199.003874                              217.918149                            0.386208E+14                            0.226791E+13                            0.300000E+01                            0.392540E-03                            0.250000E+00                           -0.000000E+00
                              200.003038                              218.460161                            0.388147E+14                            0.229633E+13                            0.300000E+01                            0.392540E-03                            0.250000E+00                           -0.000000E+00
